           1           1   0.0000000000000000        71.000000000000000        65.000000000000000       -2.0173641849502708      -0.74996093934728691     
           2           1   0.0000000000000000        70.000000000000000        68.000000000000000       -1.5266895417372814       -1.2621414318746329     
           3           1   0.0000000000000000        62.000000000000000        69.000000000000000       0.22774314520155056       -2.2592526287087558     
           4           0        -999        -999        -999  0.49721150688675952        1.2694583338425871     
           5           1   0.0000000000000000        61.000000000000000        62.000000000000000        1.9342219476068825       0.55065538502607159     
           6           1   0.0000000000000000        72.000000000000000        63.000000000000000       -2.5662307645408764      -0.72493959469323022     
           7           0        -999        -999        -999 -0.16260926337601694      -0.63852728759943922     
           8           1   0.0000000000000000        69.000000000000000        60.000000000000000       -1.3307004025430194        1.3809998520613882     
           9           1   0.0000000000000000        67.000000000000000        65.000000000000000      -0.34124528812069926      -0.27905685930327800     
          10           0        -999        -999        -999  0.37635058215331779       0.33435520036923067     
          11           1   0.0000000000000000        62.000000000000000        63.000000000000000        1.9019478684182305       0.19825628330089334     
          12           1   0.0000000000000000        64.000000000000000        67.000000000000000        6.0474284943138265E-002 -0.43635257643184316     
          13           1   0.0000000000000000        70.000000000000000        66.000000000000000       -3.0022622115105833       -1.8743536156598253     
          14           1   0.0000000000000000        70.000000000000000        67.000000000000000       -1.5686022863286977      -0.44827716258198436     
          15           1   0.0000000000000000        62.000000000000000        62.000000000000000        2.5646116263752261        1.4720088669312112     
          16           1   0.0000000000000000        68.000000000000000        65.000000000000000       -1.2619464969596406       0.15126802082766722     
          17           1   0.0000000000000000        62.000000000000000        65.000000000000000        2.3814276474349199      -0.49505830813308799     
          18           1   0.0000000000000000        62.000000000000000        62.000000000000000        1.8486474931531804       0.73469627276149962     
          19           0        -999        -999        -999 -0.44536241739942201      -0.18165708309125889     
          20           1   0.0000000000000000        60.000000000000000        62.000000000000000       0.78473215455532253        1.2958593897999040     
          21           1   0.0000000000000000        62.000000000000000        58.000000000000000        1.3107042798671282        1.5630105032250912     
          22           1   0.0000000000000000        72.000000000000000        64.000000000000000       -2.1904240135298947       0.39633938068979918     
          23           1   0.0000000000000000        63.000000000000000        62.000000000000000       0.55823113006225356        1.1020043183373722     
          24           1   0.0000000000000000        70.000000000000000        65.000000000000000       -2.5825857011928095      -0.79986019982143819     
          25           0        -999        -999        -999 -0.43512145901737204      -0.97380743146275739     
          26           1   0.0000000000000000        60.000000000000000        69.000000000000000        1.0958975130407100       -1.9123895748255859     
          27           1   0.0000000000000000        59.000000000000000        61.000000000000000        2.9489250769172988        1.6150064728004367     
          28           1   0.0000000000000000        62.000000000000000        62.000000000000000        1.5236608700843612       0.74424097146216761     
          29           1   1.0000000000000000        65.000000000000000        62.000000000000000      -0.29806323322591727       0.73350983040258066     
          30           1   0.0000000000000000        62.000000000000000        60.000000000000000        2.2076942046148105        1.8354259488408484     
          31           1   0.0000000000000000        69.000000000000000        63.000000000000000       -1.1019574749034589       0.48361048599591988     
          32           1   0.0000000000000000        63.000000000000000        70.000000000000000       0.77052443730757447       -2.4497717152410416     
          33           1   0.0000000000000000        69.000000000000000        64.000000000000000       -1.6390286511419501      -0.55175632368933381     
          34           1   0.0000000000000000        62.000000000000000        62.000000000000000        1.1273643546575669        1.5432992103221874     
          35           0        -999        -999        -999  -1.0783094633475567        1.9185536867862003     
          36           0        -999        -999        -999 -0.35858456576388503       0.78002614859795616     
          37           1   0.0000000000000000        72.000000000000000        64.000000000000000       -2.8137448699446583      -0.68742706932214981     
          38           1   0.0000000000000000        69.000000000000000        60.000000000000000      -0.91014672585723222        1.9593399965531648     
          39           0        -999        -999        -999 -0.59214979088861264        6.8322794687246724E-002
          40           1   0.0000000000000000        62.000000000000000        64.000000000000000        1.6541788074412895        1.1505949658957606     
          41           1   0.0000000000000000        69.000000000000000        68.000000000000000      -0.18474952718702642       -1.9287961520206187     
          42           0        -999        -999        -999   3.9687080109121566E-002   1.3658170932050004     
          43           1   0.0000000000000000        69.000000000000000        64.000000000000000       -1.7561571317026357      -0.35197908768738340     
          44           1   0.0000000000000000        62.000000000000000        62.000000000000000        1.1968278467852760        1.2553745678336139     
          45           1   1.0000000000000000        68.000000000000000        68.000000000000000       -1.2384692327760554       -1.7961389818052100     
          46           1   0.0000000000000000        71.000000000000000        67.000000000000000       -1.9455310465915800       -1.3982215479502336     
          47           0        -999        -999        -999   6.8471847707702191E-002 -0.26858717103688656     
          48           1   0.0000000000000000        62.000000000000000        62.000000000000000        2.2824027190950016       0.62411106302967678     
          49           0        -999        -999        -999 -0.46878739834028971        2.7160294202495714     
          50           0        -999        -999        -999 -0.31335863357159777       -1.7763331463124510     
          51           1   0.0000000000000000        60.000000000000000        64.000000000000000        1.6967309062256428      -0.12933797092292992     
          52           1   0.0000000000000000        70.000000000000000        67.000000000000000       -2.2051329127399928       -1.1907506983071512     
          53           1   0.0000000000000000        64.000000000000000        60.000000000000000        1.3026645434818429        1.7112651595585033     
          54           1   0.0000000000000000        70.000000000000000        63.000000000000000       -2.1115797115904931       0.42462212840363217     
          55           1   0.0000000000000000        72.000000000000000        66.000000000000000       -2.8996353386083102      -0.82312698736637524     
          56           1   0.0000000000000000        69.000000000000000        66.000000000000000       -2.2528592896406310       -1.7180989521098298     
          57           0        -999        -999        -999 -0.68534578964821491       -1.5641339438251498     
          58           1   0.0000000000000000        62.000000000000000        63.000000000000000        2.3291479923575604       0.43036521427712382     
          59           1   0.0000000000000000        60.000000000000000        63.000000000000000        2.2018317758203230        1.1577172229797852     
          60           1   0.0000000000000000        65.000000000000000        59.000000000000000       0.45561579300059868        2.1268260800171186     
          61           0        -999        -999        -999  0.72168413720524682       -1.6839213938102717     
          62           1   0.0000000000000000        71.000000000000000        67.000000000000000       -1.8441723436447197      -0.39068364062848870     
          63           1   1.0000000000000000        64.000000000000000        61.000000000000000       0.23693212558350016        2.2163335912803013     
          64           1   0.0000000000000000        62.000000000000000        62.000000000000000        2.0835959375770661       0.57008287816295589     
          65           0        -999        -999        -999   4.4477216921549038E-002   1.5971709401208281     
          66           1   0.0000000000000000        64.000000000000000        65.000000000000000      -0.58278405330111094      -0.21289928080722739     
          67           0        -999        -999        -999  0.21413761461675565      -0.27232003223477180     
          68           1   1.0000000000000000        65.000000000000000        63.000000000000000      -0.29664706029659610      -0.13555335871238675     
          69           1   0.0000000000000000        68.000000000000000        65.000000000000000      -0.43994770077745876      -0.74014759960292476     
          70           1   0.0000000000000000        63.000000000000000        60.000000000000000       0.73882512668465450        2.6409314464793248     
          71           1   0.0000000000000000        68.000000000000000        67.000000000000000       -2.1240116188449996      -0.80733291934090590     
          72           1   0.0000000000000000        70.000000000000000        65.000000000000000       -1.7432815298745732      -0.31644282741119345     
          73           1   0.0000000000000000        64.000000000000000        68.000000000000000        3.4116213578540777E-002   8.3867137563779101E-002
          74           0        -999        -999        -999  0.23140970473887174      -0.59767508114748014     
          75           1   1.0000000000000000        65.000000000000000        67.000000000000000       0.49573060869956270      -0.19942922696076393     
          76           1   0.0000000000000000        69.000000000000000        65.000000000000000       -3.0693847136047050       -1.3109235137029764     
          77           0        -999        -999        -999   4.3154914755045068E-004  -2.2827497613585157     
          78           1   0.0000000000000000        69.000000000000000        64.000000000000000       -1.7690819498863233      -0.68074575804852644     
          79           1   0.0000000000000000        62.000000000000000        60.000000000000000        1.0904156867688570        1.7553094076070224     
          80           1   0.0000000000000000        71.000000000000000        64.000000000000000       -1.7181802007106903       0.41419737414532526     
          81           1   0.0000000000000000        63.000000000000000        61.000000000000000       0.28023611403342530        1.8421249361727590     
          82           1   0.0000000000000000        73.000000000000000        66.000000000000000       -3.4177598706424153       -1.5137833886026899     
          83           0        -999        -999        -999  -1.1208173557506789       0.40599934383840158     
          84           1   0.0000000000000000        62.000000000000000        65.000000000000000       0.57469079729459238       -8.6098878580687946E-002
          85           1   0.0000000000000000        62.000000000000000        62.000000000000000        3.7703925688899629        2.2311719699705561     
          86           1   0.0000000000000000        68.000000000000000        62.000000000000000       -1.0342097638195369        1.1461518990451822     
          87           0        -999        -999        -999  0.14369695118063200       -3.6030238439401167E-002
          88           0        -999        -999        -999 -0.84561692112382347       0.18332723242633542     
          89           0        -999        -999        -999  0.50719462274268390       0.31771124728622502     
          90           1   1.0000000000000000        62.000000000000000        60.000000000000000        1.1537212477718477        1.8126895926768878     
          91           1   0.0000000000000000        62.000000000000000        62.000000000000000       0.77273198844072022        1.6410288649871021     
          92           1   0.0000000000000000        55.000000000000000        80.000000000000000        2.4379400940369882       0.79249157067294818     
          93           1   0.0000000000000000        64.000000000000000        60.000000000000000      -0.55941806796023164        2.4093587752781840     
          94           1   0.0000000000000000        59.000000000000000        64.000000000000000        2.0251363007311620        1.4332973463242240     
          95           0        -999        -999        -999 -0.69313406508910091       -1.1606184562279354     
          96           0        -999        -999        -999  0.80555842708578562      -0.16936656393728444     
          97           1   1.0000000000000000        69.000000000000000        68.000000000000000      -0.13936661165344538       0.17562182009802002     
          98           1   0.0000000000000000        63.000000000000000        64.000000000000000        1.0951483568453790        2.3094200738372184E-003
          99           1   0.0000000000000000        69.000000000000000        68.000000000000000       -1.6895907311700711       -1.2892999143697461     
         100           1   0.0000000000000000        70.000000000000000        67.000000000000000       -1.1926425020588822       -1.0292541738281313     
         101           0        -999        -999        -999 -0.17256884531408592      -0.48739154871432894     
         102           1   0.0000000000000000        69.000000000000000        64.000000000000000       -1.5433721704636369        1.6858151726455017     
         103           1   1.0000000000000000        70.000000000000000        65.000000000000000       -1.1339155343494627       -1.3297294951259335     
         104           1   0.0000000000000000        67.000000000000000        65.000000000000000       0.41479918979969910      -0.15127203157110741     
         105           0        -999        -999        -999 -0.26341917001856713        3.1047877271644941E-002
         106           1   0.0000000000000000        67.000000000000000        62.000000000000000       -9.2008463943495697E-002   1.0568455431784364E-002
         107           0        -999        -999        -999  0.45361541596556809        1.8440630625932926     
         108           1   0.0000000000000000        59.000000000000000        64.000000000000000        2.5745314937741512       0.52875946807648433     
         109           1   0.0000000000000000        71.000000000000000        65.000000000000000       -2.2457002188370820      -0.91743934410135319     
         110           0        -999        -999        -999   1.3093143258943056       0.19398394891612711     
         111           0        -999        -999        -999   6.8609507054170113E-002  -1.7601724739566760     
         112           0        -999        -999        -999 -0.72682239005633986        2.3674384553654586     
         113           1   0.0000000000000000        71.000000000000000        63.000000000000000       -1.7901065498782285       0.58086667447651719     
         114           1   0.0000000000000000        71.000000000000000        69.000000000000000      -0.73711424312005358       0.51158330098897054     
         115           0        -999        -999        -999 -0.36752396945127169       -1.8343740829615427     
         116           1   0.0000000000000000        73.000000000000000        63.000000000000000       -2.5694845332368357      -0.41433083856967029     
         117           1   0.0000000000000000        59.000000000000000        67.000000000000000        3.1671623881586930       0.34837387405105458     
         118           1   0.0000000000000000        59.000000000000000        60.000000000000000        3.1767213718978526        1.7126928489311819     
         119           1   0.0000000000000000        65.000000000000000        62.000000000000000       0.90106558852127694       0.93857352409161465     
         120           1   0.0000000000000000        63.000000000000000        63.000000000000000        1.7036864867014336        1.1189480633657438     
         121           1   0.0000000000000000        71.000000000000000        62.000000000000000       -2.1507999975745200      -0.59923577365384262     
         122           0        -999        -999        -999 -0.20245803974854629        1.0102516181012948     
         123           1   0.0000000000000000        71.000000000000000        64.000000000000000       -2.0075424904055139      -0.19090373832139779     
         124           1   0.0000000000000000        62.000000000000000        65.000000000000000       0.77848024949289440       0.19707375520786372     
         125           0        -999        -999        -999 -0.18634261261719487       -6.5002411262376020E-002
         126           1   0.0000000000000000        66.000000000000000        64.000000000000000       -9.2696633034752118E-002   6.9821470423932136E-002
         127           0        -999        -999        -999  -6.5305647046183073E-003 -0.87233367403801421     
         128           1   0.0000000000000000        73.000000000000000        60.000000000000000       -2.9121545704737444       0.66866374062635958     
         129           1   0.0000000000000000        65.000000000000000        66.000000000000000       0.81852170534653379       -1.0039666101446749     
         130           1   1.0000000000000000        64.000000000000000        64.000000000000000       0.57219918043104212       0.28914766307069489     
         131           0        -999        -999        -999  0.85138141882663265      -0.24552466115127841     
         132           0        -999        -999        -999  -8.6056520575583717E-002  0.64949817049564373     
         133           1   0.0000000000000000        68.000000000000000        68.000000000000000       -1.4909073474333943      -0.48081086503785708     
         134           1   0.0000000000000000        62.000000000000000        62.000000000000000        1.7272373162173240       0.99703061680697802     
         135           0        -999        -999        -999  0.97143370997322531       -1.1766661721490723     
         136           1   0.0000000000000000        80.000000000000000        76.000000000000000        6.4204272897058851E-002   1.4651527419470426E-002
         137           1   0.0000000000000000        69.000000000000000        65.000000000000000       -1.0194688862403838      -0.88590546753443045     
         138           1   0.0000000000000000        69.000000000000000        65.000000000000000      -0.43769988387363262      -0.71523512134487932     
         139           1   0.0000000000000000        62.000000000000000        61.000000000000000        1.2168414379646817        1.7874858790510717     
         140           0        -999        -999        -999  0.17216281304461376        2.2655132700679879     
         141           1   0.0000000000000000        69.000000000000000        63.000000000000000       -2.5707786978267135      -0.53166538216098158     
         142           1   0.0000000000000000        62.000000000000000        67.000000000000000        3.9369120294498003       -2.5541284939836302E-003
         143           1   0.0000000000000000        61.000000000000000        62.000000000000000        2.5400080942555308        1.2769874903264067     
         144           1   0.0000000000000000        60.000000000000000        63.000000000000000        2.2063276356834520       0.41688367309320751     
         145           1   0.0000000000000000        59.000000000000000        63.000000000000000        2.8302768119584996       0.50680253630445182     
         146           1   0.0000000000000000        70.000000000000000        63.000000000000000       -1.5561350877408524        7.6312793658285638E-002
         147           1   0.0000000000000000        69.000000000000000        69.000000000000000       -1.9550246461008587       -2.4772672235313355     
         148           1   0.0000000000000000        69.000000000000000        68.000000000000000       -1.2844654247495049       -1.3727281355475471     
         149           1   0.0000000000000000        59.000000000000000        65.000000000000000        2.7959532229577708      -0.72186263195804012     
         150           1   0.0000000000000000        72.000000000000000        65.000000000000000       -2.8776187908891080      -0.53059582950296613     
         151           1   0.0000000000000000        65.000000000000000        62.000000000000000       -5.2095415387009486E-002   3.0107453254555279E-002
         152           1   0.0000000000000000        61.000000000000000        61.000000000000000        1.9492725294292736        2.1672287590415000     
         153           1   0.0000000000000000        60.000000000000000        62.000000000000000        2.9286699001836820        1.8025074532628875     
         154           0        -999        -999        -999 -0.51819693093549579       -1.1678931704158497     
         155           1   0.0000000000000000        72.000000000000000        66.000000000000000       -2.6721467227839550       -1.4629103421380238     
         156           1   0.0000000000000000        72.000000000000000        65.000000000000000       -2.4958411998800090      -0.12711226251218621     
         157           0        -999        -999        -999  0.27191970281453470       -1.3455660651953298     
         158           0        -999        -999        -999  0.46661102605574256       -1.9233187322613565     
         159           0        -999        -999        -999 -0.27249480635095852      -0.25867796034148727     
         160           0        -999        -999        -999   1.2616455646528404       -1.4769277574854478     
         161           1   0.0000000000000000        61.000000000000000        62.000000000000000        2.5406334340096364        1.1783830483651589     
         162           1   0.0000000000000000        69.000000000000000        65.000000000000000       -2.0296164993264467       -1.3755268214171656     
         163           1   0.0000000000000000        67.000000000000000        62.000000000000000        1.0567430942521465        1.9018549483808840     
         164           1   0.0000000000000000        72.000000000000000        64.000000000000000       -2.2362444895732518      -0.57844197788124074     
         165           0        -999        -999        -999  0.16273933966202597      -0.45881979381082344     
         166           1   0.0000000000000000        63.000000000000000        64.000000000000000        3.2215664020828876        1.4674436575503507     
         167           1   0.0000000000000000        68.000000000000000        66.000000000000000       -1.3873286113980763      -0.94823010644101702     
         168           0        -999        -999        -999  0.24729863790706438      -0.78970929887445063     
         169           1   0.0000000000000000        70.000000000000000        63.000000000000000       -2.0452477729183616      -0.42101420975889697     
         170           1   0.0000000000000000        65.000000000000000        66.000000000000000      -0.16234066428943530       -1.3647807989505538     
         171           1   0.0000000000000000        64.000000000000000        63.000000000000000      -0.44761759829221748       0.47653731295301299     
         172           1   0.0000000000000000        62.000000000000000        69.000000000000000        1.1999624810457050       -2.1988907846562720     
         173           1   0.0000000000000000        70.000000000000000        65.000000000000000       -2.6494442812823986      -0.68160505731956988     
         174           1   0.0000000000000000        64.000000000000000        62.000000000000000        1.9184839166645076       0.95067030553288079     
         175           1   0.0000000000000000        63.000000000000000        63.000000000000000       0.29537621733602348       -8.7635896303231934E-003
         176           0        -999        -999        -999  0.29788272232884011      -0.94483791067851219     
         177           1   0.0000000000000000        63.000000000000000        67.000000000000000       -8.4568430997882470E-004  -3.3771779223867003E-002
         178           1   0.0000000000000000        61.000000000000000        62.000000000000000        2.7487360250797890       0.39809767806856672     
         179           1   0.0000000000000000        63.000000000000000        64.000000000000000       0.25577328201689481       -1.4528559967402419E-002
         180           1   0.0000000000000000        61.000000000000000        62.000000000000000        1.5136553250537950       0.95202702601006095     
         181           1   0.0000000000000000        64.000000000000000        68.000000000000000      -0.52075330034428968      -0.87955562658069464     
         182           1   1.0000000000000000        62.000000000000000        60.000000000000000       0.88449959000524869        1.8717664539633843     
         183           0        -999        -999        -999 -0.61787280480658802       -8.6050696787949563E-002
         184           0        -999        -999        -999 -0.34051421337179244      -0.51538033549574758     
         185           0        -999        -999        -999 -0.49857675195399354       0.67568951964947499     
         186           0        -999        -999        -999  0.17530786848341909        2.5868727199135382     
         187           1   0.0000000000000000        69.000000000000000        68.000000000000000       -2.0657506106313259       -1.8106660176439595     
         188           1   0.0000000000000000        65.000000000000000        65.000000000000000      -0.41336045329947707      -0.99061201317060688     
         189           0        -999        -999        -999 -0.16914895197579694        3.5444713944484812E-002
         190           1   0.0000000000000000        58.000000000000000        67.000000000000000        3.0872127626996968        2.7788447555204510     
         191           1   0.0000000000000000        68.000000000000000        69.000000000000000      -0.67505615628200988       -2.4182537552810430     
         192           1   0.0000000000000000        61.000000000000000        65.000000000000000        3.1194341800468517      -0.89097909204103598     
         193           1   0.0000000000000000        63.000000000000000        61.000000000000000        1.6537995621334878        1.5575079733999149     
         194           1   0.0000000000000000        71.000000000000000        62.000000000000000       -2.1642932785545419       0.75082027758042524     
         195           1   0.0000000000000000        70.000000000000000        65.000000000000000       -2.0394637960269733       -1.0319048449652324     
         196           1   0.0000000000000000        64.000000000000000        58.000000000000000       -3.3651588079161875E-002   2.6576247893149314     
         197           1   1.0000000000000000        60.000000000000000        62.000000000000000        2.0568981470483072        2.0839711094431901     
         198           1   0.0000000000000000        66.000000000000000        65.000000000000000       -1.6732968784455451       -1.9118673430823718     
         199           0        -999        -999        -999 -0.60746871076674569       -1.5022594533791360     
         200           1   0.0000000000000000        59.000000000000000        64.000000000000000        2.5612558926098172       0.20191381858487817     
         201           1   0.0000000000000000        62.000000000000000        62.000000000000000        1.8320558888126270        1.3326947920734642     
         202           1   0.0000000000000000        70.000000000000000        64.000000000000000       -1.0939745434486021      -0.35315837992082427     
         203           1   1.0000000000000000        69.000000000000000        66.000000000000000       -1.6883280076781586       -1.1398822819466226     
         204           1   0.0000000000000000        62.000000000000000        60.000000000000000        1.9963526940853320        1.9518465670385288     
         205           0        -999        -999        -999   6.4050016603160564E-002   1.1741801366747324     
         206           1   0.0000000000000000        64.000000000000000        63.000000000000000       0.85502953919654945       0.72979785656073037     
         207           1   0.0000000000000000        62.000000000000000        65.000000000000000        1.1294636036762546       0.27301658981569837     
         208           1   0.0000000000000000        65.000000000000000        63.000000000000000       -1.0450928584901341E-002   5.9585907729808839E-002
         209           1   0.0000000000000000        61.000000000000000        62.000000000000000        1.8076995296958716        1.2993477115423298     
         210           1   0.0000000000000000        62.000000000000000        65.000000000000000       0.29568697075971839      -0.25965522024879767     
         211           1   0.0000000000000000        70.000000000000000        69.000000000000000       -1.6641173543198351       -2.3496731053073945     
         212           1   0.0000000000000000        69.000000000000000        65.000000000000000       -1.8375838037705583       -1.0693495536611941     
         213           1   0.0000000000000000        63.000000000000000        60.000000000000000       0.12683807459425855        1.9104932338445082     
         214           1   0.0000000000000000        63.000000000000000        68.000000000000000       0.73493580321893393       -1.8312434646137032     
         215           1   0.0000000000000000        69.000000000000000        64.000000000000000       -1.9113109954405811       -1.2231180483788291     
         216           1   0.0000000000000000        70.000000000000000        64.000000000000000       -2.5867540464097969       -1.1591782373102442     
         217           1   1.0000000000000000        64.000000000000000        63.000000000000000       0.15675794910444207       0.15385955016209704     
         218           1   0.0000000000000000        59.000000000000000        62.000000000000000        2.3821760763025135        1.4133447483468098     
         219           1   0.0000000000000000        63.000000000000000        65.000000000000000      -0.12791324971020301        2.2977208287859523     
         220           1   0.0000000000000000        69.000000000000000        65.000000000000000       -2.6257545112608098      -0.50654443486653167     
         221           1   1.0000000000000000        62.000000000000000        62.000000000000000        2.3489319130685296       0.69085541516396598     
         222           1   0.0000000000000000        65.000000000000000        63.000000000000000      -0.37512456530531607       -2.6871250568019488E-002
         223           1   0.0000000000000000        63.000000000000000        61.000000000000000        1.2891233439429055        1.5463716615104759     
         224           1   0.0000000000000000        67.000000000000000        65.000000000000000       -1.1066544547273367      -0.84329251793894311     
         225           1   0.0000000000000000        62.000000000000000        62.000000000000000       0.33909797421549071       0.38939706215905401     
         226           0        -999        -999        -999   2.9103971938132255E-002 -0.36608669620749579     
         227           0        -999        -999        -999  0.33906989138476229       0.50959649746578750     
         228           1   0.0000000000000000        71.000000000000000        64.000000000000000      -0.61876906012813182       0.99299233189521285     
         229           1   0.0000000000000000        63.000000000000000        62.000000000000000       -3.4240398670292611E-002  0.16834589181970480     
         230           0        -999        -999        -999 -0.46558997048716827       -1.0986735342329790     
         231           1   0.0000000000000000        62.000000000000000        62.000000000000000       0.81085348929989953        1.4099892145873612     
         232           0        -999        -999        -999  -2.5761033873783413E-002 -0.52282605087045353     
         233           1   0.0000000000000000        64.000000000000000        65.000000000000000       0.82202247530357209       -1.3991557447558558     
         234           1   0.0000000000000000        64.000000000000000        64.000000000000000       0.32122456932371030       -8.3841743672000923E-002
         235           1   0.0000000000000000        70.000000000000000        68.000000000000000       -2.8064551778223485       -2.2969852804790305     
         236           1   0.0000000000000000        71.000000000000000        64.000000000000000       -3.0340588330599423       -1.2145376639332881     
         237           1   0.0000000000000000        56.000000000000000        62.000000000000000        2.4665087053137986        1.3706529554298361     
         238           1   0.0000000000000000        60.000000000000000        60.000000000000000        2.3693667794195097        2.4185980038871278     
         239           1   0.0000000000000000        55.000000000000000        64.000000000000000        2.3547377799347071       0.42714591032001648     
         240           1   0.0000000000000000        71.000000000000000        63.000000000000000       -2.7951316029682420      -0.45474301040107723     
         241           1   0.0000000000000000        72.000000000000000        62.000000000000000       -3.1067630705515423       -9.8586381368579654E-003
         242           0        -999        -999        -999  0.10241339774539958      -0.30402949953026603     
         243           0        -999        -999        -999 -0.44447679714909766        3.2130605554454184E-002
         244           1   0.0000000000000000        71.000000000000000        64.000000000000000       -2.3303377831317258      -0.56189656346431538     
         245           0        -999        -999        -999 -0.13416388044904484        1.5747287725798358     
         246           0        -999        -999        -999 -0.87151495706801685       0.16169775382142351     
         247           1   0.0000000000000000        62.000000000000000        62.000000000000000        1.3195919765905852       0.69966286045079040     
         248           1   0.0000000000000000        61.000000000000000        62.000000000000000        3.0089934094465609       0.71392165008226338     
         249           1   0.0000000000000000        67.000000000000000        65.000000000000000       0.67843100445195947      -0.91654498615264002     
         250           1   1.0000000000000000        67.000000000000000        70.000000000000000      -0.63525918446598173       -1.1461543326288282     
         251           1   0.0000000000000000        60.000000000000000        61.000000000000000        2.4264011165946098        2.0923095599199080     
         252           1   0.0000000000000000        60.000000000000000        64.000000000000000        2.7164631945755566      -0.30851910161387364     
         253           1   1.0000000000000000        69.000000000000000        66.000000000000000       -1.5115180655531149      -0.32536550106364842     
         254           0        -999        -999        -999  -1.1919465930868023        1.2009101535719797     
         255           1   0.0000000000000000        74.000000000000000        61.000000000000000       -3.8857661142211004        1.2245023866370000     
         256           0        -999        -999        -999  -5.2776720024769908E-002  -2.9352186340923381     
         257           1   0.0000000000000000        62.000000000000000        62.000000000000000        1.2124923414358759        1.1827748512729612     
         258           1   0.0000000000000000        62.000000000000000        61.000000000000000        1.3609254067944716        1.5386289877828045     
         259           1   0.0000000000000000        67.000000000000000        63.000000000000000      -0.24835592103589793       0.76204063885994244     
         260           1   0.0000000000000000        72.000000000000000        65.000000000000000       -4.2210404159432473       -1.5661620624154902     
         261           1   0.0000000000000000        62.000000000000000        62.000000000000000       0.96925466888028156       0.57747800120839310     
         262           1   0.0000000000000000        62.000000000000000        64.000000000000000        1.5058509894612149      -0.74074910849667386     
         263           1   0.0000000000000000        62.000000000000000        60.000000000000000        1.9958791753874983        2.1988161274134677     
         264           1   0.0000000000000000        71.000000000000000        66.000000000000000       -1.4005950413988857       -1.2917574915663548     
         265           1   0.0000000000000000        60.000000000000000        63.000000000000000        2.2131682797787029        1.3456221083356459     
         266           1   0.0000000000000000        71.000000000000000        64.000000000000000       -3.1427679259512487       -1.0639150125245276     
         267           1   0.0000000000000000        62.000000000000000        58.000000000000000        2.4797978754166037        2.6505237190482287     
         268           1   0.0000000000000000        64.000000000000000        61.000000000000000      -0.25291087606783369        1.5991165585061913     
         269           1   0.0000000000000000        63.000000000000000        58.000000000000000        2.7029827420386074        2.7637827836144804     
         270           1   0.0000000000000000        62.000000000000000        62.000000000000000        2.6416003161652326        8.7329885261974896E-002
         271           1   0.0000000000000000        60.000000000000000        65.000000000000000        1.9702961087282418      -0.58797578187888333     
         272           0        -999        -999        -999  0.59759312224821637       0.36553530644695070     
         273           1   0.0000000000000000        60.000000000000000        66.000000000000000       0.80449367861768284      -0.50850634082054047     
         274           1   0.0000000000000000        75.000000000000000        69.000000000000000       0.70863270598685957       0.39978038948695482     
         275           1   0.0000000000000000        68.000000000000000        65.000000000000000      -0.88674031774011208      -0.51080625610893504     
         276           1   0.0000000000000000        60.000000000000000        63.000000000000000        1.3388094662377563        1.7157370438690957E-002
         277           0        -999        -999        -999  0.45280229372771685      -0.16429399463176275     
         278           1   0.0000000000000000        71.000000000000000        67.000000000000000       -2.4734605136519261       -1.3523340039279594     
         279           1   0.0000000000000000        70.000000000000000        68.000000000000000       -2.3878352769110607       -2.4918897903644570     
         280           1   0.0000000000000000        73.000000000000000        64.000000000000000       -3.9501747526766251      -0.62147418938450916     
         281           1   0.0000000000000000        68.000000000000000        65.000000000000000       -1.1048351960521161      -0.41601805928295571     
         282           1   0.0000000000000000        59.000000000000000        61.000000000000000        2.8698434653998937        2.0843421859009568     
         283           1   0.0000000000000000        65.000000000000000        67.000000000000000       0.13331773239085654      -0.91022161146388636     
         284           1   1.0000000000000000        62.000000000000000        62.000000000000000        1.6145004397685474        1.9973308600705548     
         285           1   0.0000000000000000        62.000000000000000        62.000000000000000        2.0068539147802502        1.1946170963692637     
         286           1   0.0000000000000000        70.000000000000000        64.000000000000000       -2.1496495801063777      -0.88470676106597557     
         287           1   0.0000000000000000        72.000000000000000        66.000000000000000       -1.9813488692162133      -0.99832811737562910     
         288           1   0.0000000000000000        73.000000000000000        63.000000000000000       -3.1898199131896967      -0.32769816210646097     
         289           1   0.0000000000000000        62.000000000000000        65.000000000000000        2.1770617923267057       0.57515928878137823     
         290           0        -999        -999        -999 -0.65532753839924274       -1.1918951381291136     
         291           0        -999        -999        -999 -0.17507237044814100       -2.7609482302833230     
         292           1   0.0000000000000000        73.000000000000000        65.000000000000000       -2.9477663280833442      -0.86662456967752022     
         293           1   0.0000000000000000        70.000000000000000        65.000000000000000       -2.1006689325113954      -0.90610396981555286     
         294           1   1.0000000000000000        62.000000000000000        62.000000000000000        2.7616060890019356       0.34463007158359926     
         295           1   0.0000000000000000        71.000000000000000        62.000000000000000       -2.9454890245020811       0.64735521643824312     
         296           0        -999        -999        -999  0.32373451741962761      -0.22763586574249012     
         297           1   0.0000000000000000        67.000000000000000        67.000000000000000      -0.57686883778497311       -1.3093764912325259     
         298           1   0.0000000000000000        69.000000000000000        71.000000000000000       -2.7990868025310789      -0.27715006127928349     
         299           1   0.0000000000000000        71.000000000000000        63.000000000000000       -2.5582933909597334      -0.53088687094453546     
         300           1   0.0000000000000000        71.000000000000000        65.000000000000000       -2.0883465798737038      -0.32998460640886379     
         301           1   1.0000000000000000        62.000000000000000        62.000000000000000        2.5259737946201102        1.4666842749031395     
         302           1   0.0000000000000000        68.000000000000000        67.000000000000000       -2.2166235991629843       -1.1124828131251032     
         303           1   0.0000000000000000        69.000000000000000        64.000000000000000       -1.5499156418993232      -0.63704723771005090     
         304           1   0.0000000000000000        71.000000000000000        69.000000000000000       -2.6010284635784711       -2.1691556611296510     
         305           1   0.0000000000000000        62.000000000000000        63.000000000000000        1.3700617430526103       0.38374804525454559     
         306           1   0.0000000000000000        63.000000000000000        65.000000000000000       0.16667366194327243      -0.28212409600322530     
         307           0        -999        -999        -999 -0.52712784076511621        1.6894509986733661     
         308           1   0.0000000000000000        62.000000000000000        62.000000000000000        1.4724730798333689       0.74503331388728611     
         309           1   0.0000000000000000        67.000000000000000        66.000000000000000       -1.6104332856168659E-002  -1.0658273115609409     
         310           1   0.0000000000000000        68.000000000000000        66.000000000000000       -1.4171052398161299      -0.52371842783565914     
         311           1   0.0000000000000000        58.000000000000000        63.000000000000000        2.9879728467248601       0.73554150346362646     
         312           1   0.0000000000000000        62.000000000000000        61.000000000000000        2.0468777087220547       0.50288275468860666     
         313           1   0.0000000000000000        70.000000000000000        68.000000000000000       -1.5109935233492866       -1.2395780351151564     
         314           0        -999        -999        -999 -0.35650502909965293      -0.34726453238684729     
         315           1   0.0000000000000000        62.000000000000000        69.000000000000000        1.2351089611198638       -1.9433045306359569     
         316           1   0.0000000000000000        73.000000000000000        64.000000000000000       -1.6990701924135883      -0.56797894388865588     
         317           0        -999        -999        -999  0.22707823432972638      -0.85538986863969424     
         318           1   0.0000000000000000        62.000000000000000        64.000000000000000        7.5052009648094026E-002 -0.21882296983974700     
         319           1   0.0000000000000000        68.000000000000000        70.000000000000000      -0.67307769807923379       -2.0725500820400509     
         320           0        -999        -999        -999 -0.35617412525216224        3.4299554761965290     
         321           1   0.0000000000000000        60.000000000000000        63.000000000000000        2.3159339417453753        1.2275412751083916     
         322           0        -999        -999        -999  0.75035853488001891      -0.62034027312484863     
         323           0        -999        -999        -999  0.50253204876620661       -1.5631765572856255     
         324           1   1.0000000000000000        65.000000000000000        64.000000000000000       0.29573886288729573        7.1038223479227267E-002
         325           1   0.0000000000000000        68.000000000000000        65.000000000000000       -1.8357499041568013       -1.0946173310858913     
         326           0        -999        -999        -999  0.43180073585541817      -0.21398169360903826     
         327           1   0.0000000000000000        61.000000000000000        62.000000000000000        1.7861505459724629        1.0763619226249930     
         328           1   0.0000000000000000        72.000000000000000        58.000000000000000       -2.3977930785141641        1.1931004497372013     
         329           1   0.0000000000000000        66.000000000000000        59.000000000000000       0.29945251621559876        1.0572525111164495     
         330           1   0.0000000000000000        71.000000000000000        65.000000000000000       -2.8854658832869542      -0.33879973295841259     
         331           0        -999        -999        -999 -0.25620899851466439      -0.69603464502555357     
         332           1   0.0000000000000000        62.000000000000000        62.000000000000000        1.8321949505235600       0.46718615163898247     
         333           1   1.0000000000000000        63.000000000000000        62.000000000000000       0.47238731420894825       0.98240675744577655     
         334           1   0.0000000000000000        72.000000000000000        67.000000000000000       -3.5627328073086613       -1.5384118335568473     
         335           1   0.0000000000000000        67.000000000000000        66.000000000000000      -0.91201378465489880       -1.4231845587515410     
         336           0        -999        -999        -999   1.3030135797272222       0.28306243827343580     
         337           1   0.0000000000000000        69.000000000000000        61.000000000000000       0.38572976184571606       0.32794508779947334     
         338           0        -999        -999        -999  -2.8473109660062073      -0.18301793563667737     
         339           1   1.0000000000000000        60.000000000000000        61.000000000000000        2.5607996024028812        1.0503654450230040     
         340           1   0.0000000000000000        67.000000000000000        62.000000000000000      -0.24290513227384522        1.1302030211719114     
         341           1   0.0000000000000000        72.000000000000000        66.000000000000000       -3.9855332980392517       -2.2854894623566007     
         342           1   0.0000000000000000        73.000000000000000        66.000000000000000       -2.8731580629158540      -0.72061807210830087     
         343           1   0.0000000000000000        60.000000000000000        64.000000000000000        1.6164928603505053       0.17834245027515497     
         344           1   0.0000000000000000        67.000000000000000        60.000000000000000       0.52531005976247758       0.57766296916439341     
         345           0        -999        -999        -999   2.0943080587227207       0.48121029094174567     
         346           1   0.0000000000000000        72.000000000000000        65.000000000000000       -2.9424661550546292       -1.0771515124814910     
         347           1   0.0000000000000000        67.000000000000000        67.000000000000000       -2.1438898686461614       -1.3572275859388978     
         348           0        -999        -999        -999  -1.7294403712113202       0.14394641286540413     
         349           1   0.0000000000000000        62.000000000000000        62.000000000000000        1.3155899134908910       0.16718442221382765     
         350           1   0.0000000000000000        64.000000000000000        66.000000000000000      -0.22024606845097772      -0.98944330189819196     
         351           1   1.0000000000000000        62.000000000000000        62.000000000000000        1.1084547393433939       0.94878433609131629     
         352           0        -999        -999        -999   1.8949060200483665        5.0623406004096178E-002
         353           1   0.0000000000000000        67.000000000000000        64.000000000000000       -6.2565371442238782E-002  0.21442060503849050     
         354           1   0.0000000000000000        69.000000000000000        64.000000000000000       -1.7800783689465265      -0.23465289290004779     
         355           1   0.0000000000000000        62.000000000000000        62.000000000000000        2.0417588430626377       0.63881964951672965     
         356           1   0.0000000000000000        71.000000000000000        65.000000000000000       -2.5887481193940669      -0.79076410246606244     
         357           1   0.0000000000000000        68.000000000000000        62.000000000000000       -1.0935634729152592        1.3463943426738805     
         358           1   0.0000000000000000        75.000000000000000        67.000000000000000       -2.7231053613067204       -1.0846250698553703     
         359           0        -999        -999        -999 -0.80656092712455063       -6.5865270562151690E-002
         360           1   0.0000000000000000        69.000000000000000        62.000000000000000       -1.3228566686569230      -0.12174468834909474     
         361           1   0.0000000000000000        71.000000000000000        61.000000000000000       -2.9460213666617081       0.76970590178863807     
         362           1   1.0000000000000000        62.000000000000000        60.000000000000000        1.7324269498078726       0.99876496345743992     
         363           0        -999        -999        -999   3.4286503909607400       -8.2308699104760324E-002
         364           0        -999        -999        -999  -1.4653135437030809       0.48274512103660194     
         365           1   0.0000000000000000        68.000000000000000        65.000000000000000       -1.5392574753710841      -0.61579643702889530     
         366           0        -999        -999        -999   1.8142629794147691       0.27391123685832036     
         367           1   0.0000000000000000        69.000000000000000        62.000000000000000       -1.4653969323917517       0.77809435680715278     
         368           1   0.0000000000000000        73.000000000000000        67.000000000000000       -3.5327360442444991       -1.6212858976673681     
         369           0        -999        -999        -999  0.97473184702035054      -0.36981678644130073     
         370           1   0.0000000000000000        71.000000000000000        64.000000000000000       -2.9602518718335569      -0.90478111536313988     
         371           1   0.0000000000000000        62.000000000000000        69.000000000000000        1.1846755831283522       -1.9122600400913492     
         372           0        -999        -999        -999   1.9673639592799546       -2.5201634245722609E-002
         373           1   0.0000000000000000        65.000000000000000        67.000000000000000      -0.96573720512318828       -1.1937443542555881     
         374           1   0.0000000000000000        61.000000000000000        62.000000000000000        1.8620746525589147       0.70325023146842436     
         375           1   0.0000000000000000        65.000000000000000        69.000000000000000        4.9461774929886661E-002  -1.6290424259760912     
         376           1   0.0000000000000000        69.000000000000000        67.000000000000000       0.74004807730596156      -0.43623560914085152     
         377           1   0.0000000000000000        64.000000000000000        64.000000000000000       -2.8509662807327835E-002 -0.36512817825784583     
         378           1   0.0000000000000000        61.000000000000000        63.000000000000000        3.2500352396980063       0.12039701511379378     
         379           1   0.0000000000000000        67.000000000000000        68.000000000000000      -0.97292305604766982       -1.8333506654103280     
         380           1   0.0000000000000000        63.000000000000000        62.000000000000000       0.79054667629427156       0.94921023021896378     
         381           1   0.0000000000000000        70.000000000000000        63.000000000000000       -1.4818559778959834       -1.6107573485216662E-002
         382           1   0.0000000000000000        69.000000000000000        62.000000000000000       -1.2584329412593591       0.75172079766356992     
         383           1   0.0000000000000000        64.000000000000000        60.000000000000000        1.4366574960558263        1.9351942434537870     
         384           1   0.0000000000000000        71.000000000000000        64.000000000000000       -3.0837220425388017      -0.95423361108067295     
         385           1   0.0000000000000000        70.000000000000000        69.000000000000000       -2.3423893118944950       -1.6517605684108856     
         386           0        -999        -999        -999   1.7899170815371110       0.17577713132515910     
         387           0        -999        -999        -999   1.2321436257482019      -0.25100382031966301     
         388           1   1.0000000000000000        64.000000000000000        61.000000000000000        1.1034867950110403        1.3652579459410032     
         389           0        -999        -999        -999   2.6236257265599559       0.23758522470906879     
         390           1   0.0000000000000000        66.000000000000000        65.000000000000000      -0.24563541179414983      -0.45119151080733233     
         391           0        -999        -999        -999 -0.87648434143781628       0.55616672994985494     
         392           1   0.0000000000000000        58.000000000000000        65.000000000000000        4.0131996618233341      -0.67942029572157159     
         393           1   0.0000000000000000        72.000000000000000        64.000000000000000       -2.3251085641582487      -0.51819671106443954     
         394           1   0.0000000000000000        63.000000000000000        63.000000000000000      -0.23914370783132355       0.86133951343516402     
         395           1   0.0000000000000000        63.000000000000000        65.000000000000000       -7.7766114113846208E-002 -0.37228920277832389     
         396           1   0.0000000000000000        57.000000000000000        60.000000000000000        5.4794615305056515        1.0673232614040031     
         397           0        -999        -999        -999  0.39904100249197438      -0.14409390370738140     
         398           1   1.0000000000000000        62.000000000000000        62.000000000000000        1.7659774109527635       0.90962559713277868     
         399           1   0.0000000000000000        58.000000000000000        63.000000000000000        4.4425078501146693       0.67382426413641594     
         400           1   0.0000000000000000        66.000000000000000        69.000000000000000      -0.42217839355062908      -0.11036445204092728     
         401           1   0.0000000000000000        71.000000000000000        62.000000000000000       -2.6094625666853113       -5.1791407706396339E-005
         402           1   0.0000000000000000        66.000000000000000        62.000000000000000       -1.2254535701581566       0.40637615200749594     
         403           1   0.0000000000000000        73.000000000000000        65.000000000000000       -3.0432027319929853       -1.1986537468403591     
         404           1   1.0000000000000000        65.000000000000000        64.000000000000000      -0.19030439215785297       0.29496635602028520     
         405           1   0.0000000000000000        62.000000000000000        62.000000000000000        1.6875998589103935        1.4219313641418316     
         406           0        -999        -999        -999  0.56820124300192865      -0.76635134067185506     
         407           0        -999        -999        -999  -2.0135037395006545      -0.20726319875748370     
         408           1   0.0000000000000000        65.000000000000000        64.000000000000000       -1.3422725725896933      -0.48614462199546493     
         409           1   0.0000000000000000        62.000000000000000        66.000000000000000        2.2135139136530073      -0.21806177449111094     
         410           1   0.0000000000000000        62.000000000000000        62.000000000000000        2.0994979848312325        1.0571218624051695     
         411           0        -999        -999        -999 -0.91028977518288900       0.13102867488446887     
         412           1   0.0000000000000000        72.000000000000000        67.000000000000000       -3.7423466088290507       -1.7858864657084446     
         413           1   0.0000000000000000        68.000000000000000        63.000000000000000      -0.73451597468919838      -0.21214020545727169     
         414           1   0.0000000000000000        70.000000000000000        75.000000000000000       -3.5214460670085348      -0.42218644121449023     
         415           1   0.0000000000000000        64.000000000000000        66.000000000000000       -7.8322192757494025E-002 -0.38765296827087492     
         416           1   0.0000000000000000        58.000000000000000        65.000000000000000        2.4084997151611280      -0.18667747904153317     
         417           0        -999        -999        -999 -0.98128824334100717        3.6266986664034953E-002
         418           0        -999        -999        -999  0.50512943685331768       0.14168255697949256     
         419           1   0.0000000000000000        72.000000000000000        65.000000000000000       -2.5886612868408219       -1.3254508126290618     
         420           1   0.0000000000000000        71.000000000000000        62.000000000000000       -3.3354542393970554      -0.49590889054004739     
         421           1   0.0000000000000000        68.000000000000000        60.000000000000000       0.12186960692694920        1.2396612451820541     
         422           0        -999        -999        -999 -0.93099581039893087       0.38448657360988198     
         423           1   0.0000000000000000        62.000000000000000        61.000000000000000        1.9868614855144522       0.96978866549548515     
         424           1   0.0000000000000000        72.000000000000000        62.000000000000000       -2.2774762415639471       0.13651561545747928     
         425           1   1.0000000000000000        66.000000000000000        66.000000000000000      -0.16946950358714485       -1.0412791766983871     
         426           1   0.0000000000000000        73.000000000000000        64.000000000000000       -3.0951429929986136       -1.5755996221641744     
         427           1   0.0000000000000000        72.000000000000000        63.000000000000000       -2.6963967064913716      -0.46275326649665599     
         428           1   0.0000000000000000        69.000000000000000        65.000000000000000       -1.5947752582186643       -1.2962198873464956     
         429           1   0.0000000000000000        74.000000000000000        68.000000000000000       -1.9330654236987244      -0.91690494603852524     
         430           0        -999        -999        -999   2.0726022572450997      -0.60676875012047138     
         431           0        -999        -999        -999  0.68464077249557675      -0.32355892832622013     
         432           1   0.0000000000000000        62.000000000000000        62.000000000000000        2.0638456183294980        1.0045735721379012     
         433           1   0.0000000000000000        68.000000000000000        69.000000000000000       -2.7695632652833410E-002 -0.69536154288919294     
         434           1   0.0000000000000000        73.000000000000000        62.000000000000000       -3.4818999320853061       0.34209425364389651     
         435           0        -999        -999        -999  -3.2115069213447840      -0.40909788339042763     
         436           1   0.0000000000000000        63.000000000000000        62.000000000000000        5.1893439198007624E-002  0.47184828182653216     
         437           1   0.0000000000000000        65.000000000000000        66.000000000000000      -0.38890617278149775        5.5707839517199174E-002
         438           1   0.0000000000000000        62.000000000000000        64.000000000000000        1.2532781859893585       -9.4837777642412732E-002
         439           1   1.0000000000000000        61.000000000000000        62.000000000000000        2.0192997680062161        1.4776546155301846     
         440           1   0.0000000000000000        68.000000000000000        63.000000000000000      -0.63328791655429950      -0.56784061871587943     
         441           1   0.0000000000000000        61.000000000000000        62.000000000000000        2.8249310107778016       0.14181597512679914     
         442           1   1.0000000000000000        70.000000000000000        67.000000000000000       -2.3687628043770026      -0.49989828613286874     
         443           0        -999        -999        -999  -3.1797421681621860       0.14190882380959460     
         444           0        -999        -999        -999  -1.8004886118575945      -0.31044645504536927     
         445           0        -999        -999        -999   1.7600643363198316       0.12934193221194609     
         446           1   0.0000000000000000        67.000000000000000        64.000000000000000      -0.18466438721302286       0.17163260128885682     
         447           1   0.0000000000000000        65.000000000000000        65.000000000000000      -0.27737121100854012      -0.41542431397761531     
         448           1   0.0000000000000000        61.000000000000000        62.000000000000000        1.8766182886921725       0.17115059529268453     
         449           1   0.0000000000000000        59.000000000000000        64.000000000000000        2.6750856615136751       0.53891893268274449     
         450           0        -999        -999        -999 -0.80451597219609383        9.8377485060321013E-002
         451           0        -999        -999        -999  -3.1711781041054521      -0.20018648809242523     
         452           1   0.0000000000000000        62.000000000000000        62.000000000000000        1.3768377299261614       0.70975360435786083     
         453           1   0.0000000000000000        68.000000000000000        63.000000000000000       -1.8204073306145674        9.5269075574007975E-002
         454           1   0.0000000000000000        67.000000000000000        63.000000000000000      -0.93661046392476632      -0.29160956168330165     
         455           1   0.0000000000000000        73.000000000000000        66.000000000000000       -3.2165802316327010       -1.6051157234691198     
         456           1   0.0000000000000000        69.000000000000000        63.000000000000000      -0.81494973449692665      -0.47752718183324355     
         457           1   0.0000000000000000        60.000000000000000        62.000000000000000        2.8689813403191562        1.9307950109547880     
         458           0        -999        -999        -999  -2.4650835304556100      -0.44819311815956064     
         459           0        -999        -999        -999  -2.2079688253700382       0.15563680478570446     
         460           1   0.0000000000000000        72.000000000000000        64.000000000000000       -3.0472373881274990      -0.98599866995435714     
         461           1   0.0000000000000000        72.000000000000000        64.000000000000000       -3.0462400325844312      -0.19542203571166136     
         462           1   0.0000000000000000        74.000000000000000        67.000000000000000       -4.3855637477595071       -1.1761161296128086     
         463           1   0.0000000000000000        66.000000000000000        64.000000000000000      -0.48433607287101077      -0.56433441322521594     
         464           1   0.0000000000000000        62.000000000000000        67.000000000000000        1.4310948210947729       0.40677751326949185     
         465           1   0.0000000000000000        64.000000000000000        67.000000000000000        1.2817860251417850       0.42220944409822481     
         466           1   0.0000000000000000        70.000000000000000        63.000000000000000       -1.5309994279087442       0.92618522175772411     
         467           0        -999        -999        -999  0.66499939542753739      -0.61731343093360291     
         468           1   0.0000000000000000        64.000000000000000        62.000000000000000       0.22229557479187584        1.0916806115322928     
         469           0        -999        -999        -999   2.1991043396463401       0.80016539953860122     
         470           0        -999        -999        -999   4.3953534849865299E-002  -6.2855676664097720E-002
         471           0        -999        -999        -999   2.2796675173659762       0.48824485302492837     
         472           1   0.0000000000000000        62.000000000000000        62.000000000000000        1.1349439932344618       0.16667336484079354     
         473           1   0.0000000000000000        71.000000000000000        67.000000000000000       0.15380401821118583        8.9381568409418206E-003
         474           1   0.0000000000000000        59.000000000000000        62.000000000000000        3.4673893039395525       0.25178218862487411     
         475           1   0.0000000000000000        62.000000000000000        62.000000000000000        1.3880469594168627       0.74545379950443480     
         476           1   0.0000000000000000        69.000000000000000        65.000000000000000       -1.8105300203045437E-003 -0.15258917240407363     
         477           1   0.0000000000000000        62.000000000000000        64.000000000000000        4.8183529205458822        1.5119796480585503     
         478           1   0.0000000000000000        68.000000000000000        64.000000000000000      -0.11783879098547842      -0.23935822137290100     
         479           1   0.0000000000000000        60.000000000000000        64.000000000000000        1.9099055605634048       0.53582027030838142     
         480           0        -999        -999        -999   1.6933052661054717       0.15588692133923496     
         481           0        -999        -999        -999  -3.2393210757835642      -0.96596952165493388     
         482           1   0.0000000000000000        65.000000000000000        64.000000000000000      -0.29132636685920255      -0.58676524648641304     
         483           0        -999        -999        -999 -0.71122499442830633       0.16528674545685118     
         484           1   0.0000000000000000        73.000000000000000        62.000000000000000       -3.8672877608705254       0.65486874572024600     
         485           1   0.0000000000000000        61.000000000000000        62.000000000000000        3.2700268960110646       0.18800379793331623     
         486           0        -999        -999        -999  -2.9917814171588448      -0.24618719695760080     
         487           1   0.0000000000000000        63.000000000000000        66.000000000000000      -0.16307873193024999       -6.1242456558354919E-002
         488           1   1.0000000000000000        62.000000000000000        62.000000000000000        2.2258637404167683       0.77471687148806589     
         489           0        -999        -999        -999  -3.4607731448162444       0.26582000852267273     
         490           0        -999        -999        -999  -1.3320118387313704       0.44615903538221391     
         491           1   0.0000000000000000        58.000000000000000        62.000000000000000        2.4947532748246921        1.8963230681046825     
         492           0        -999        -999        -999  -2.9982309520327504      -0.35965156223412947     
         493           1   0.0000000000000000        65.000000000000000        63.000000000000000        8.9633491115514219E-002  0.38250057050697367     
         494           0        -999        -999        -999  -3.2345359872228108        8.6762911726027597E-002
         495           1   0.0000000000000000        62.000000000000000        67.000000000000000        1.5043746806887728       0.87380188207408149     
         496           1   0.0000000000000000        70.000000000000000        63.000000000000000       -2.4140395447273293       -1.1565003097042054E-003
         497           1   0.0000000000000000        57.000000000000000        63.000000000000000        4.4907653721884904        1.4470123945191944     
         498           1   0.0000000000000000        64.000000000000000        62.000000000000000        2.3133207503996680E-003  0.17475964618502338     
         499           1   0.0000000000000000        59.000000000000000        64.000000000000000        2.9749804022013948       0.13448429975478635     
         500           1   0.0000000000000000        70.000000000000000        65.000000000000000       -1.3937983186427028      -0.69667602397039363     
         501           1   0.0000000000000000        73.000000000000000        63.000000000000000       -2.9555426769176552      -0.38765036474274062     
         502           1   0.0000000000000000        65.000000000000000        63.000000000000000      -0.18103170512858660       0.19228050315244594     
         503           1   0.0000000000000000        70.000000000000000        60.000000000000000       -2.0884010322035254       0.31721638392847440     
         504           0        -999        -999        -999 -0.85532639736164873       0.11906948249308610     
         505           1   0.0000000000000000        62.000000000000000        66.000000000000000        1.3838812034854868      -0.37215040500917629     
         506           0        -999        -999        -999 -0.87406917421432706        7.9110374551392859E-002
         507           1   1.0000000000000000        67.000000000000000        67.000000000000000      -0.38487917036124203       -1.4647230016912822     
         508           1   1.0000000000000000        67.000000000000000        63.000000000000000      -0.23947465128166326      -0.43540476040341480     
         509           1   0.0000000000000000        54.000000000000000        63.000000000000000        5.5897308359326985        1.2762816254227916     
         510           1   0.0000000000000000        63.000000000000000        62.000000000000000        1.0583154343068015       0.38589525365331201     
         511           1   0.0000000000000000        73.000000000000000        63.000000000000000       -3.4022790202125375       0.15192151202546991     
         512           1   1.0000000000000000        63.000000000000000        65.000000000000000       0.92485624357254126        4.4451694297773771E-002
         513           1   1.0000000000000000        67.000000000000000        64.000000000000000       -1.0910969147771377       -1.2785149062440369     
         514           1   1.0000000000000000        65.000000000000000        63.000000000000000       0.47692746346044929       0.36298689289256819     
         515           1   0.0000000000000000        70.000000000000000        64.000000000000000       -2.5583305527225000      -0.77930919414554611     
         516           1   0.0000000000000000        62.000000000000000        62.000000000000000        1.2488611102081983        1.1549501629380146     
         517           1   0.0000000000000000        65.000000000000000        59.000000000000000      -0.26704681587893903        2.0461882643914939     
         518           1   0.0000000000000000        61.000000000000000        62.000000000000000        1.8689513562292714       0.80290726568044690     
         519           1   0.0000000000000000        62.000000000000000        62.000000000000000       0.61757502505539541       0.63699054636583397     
         520           1   0.0000000000000000        62.000000000000000        63.000000000000000       0.45530733460253442        4.8110409779327200E-002
         521           1   0.0000000000000000        59.000000000000000        67.000000000000000        2.2479933680362998       0.66505374762095570     
         522           1   0.0000000000000000        62.000000000000000        62.000000000000000       0.49734203532440752       0.83699276031927061     
         523           1   0.0000000000000000        59.000000000000000        62.000000000000000        3.0561728776958295       0.72830055196999721     
         524           1   0.0000000000000000        68.000000000000000        64.000000000000000      -0.91897516758794195      -0.40730425490749000     
         525           1   0.0000000000000000        72.000000000000000        63.000000000000000       -3.2637098330433987      -0.25730861859488380     
         526           1   0.0000000000000000        62.000000000000000        62.000000000000000       0.40172642260537467       0.65203683813637126     
         527           0        -999        -999        -999  -3.2278785285926914        5.3189263645734758E-002
         528           0        -999        -999        -999  -2.9763206241591109       0.47701317678304755     
         529           1   0.0000000000000000        69.000000000000000        64.000000000000000       -1.7153229889205368       0.31363129970305897     
         530           1   0.0000000000000000        70.000000000000000        62.000000000000000       -2.7191139174406822        6.7160962449854991E-002
         531           0        -999        -999        -999   2.3212934002876859       0.18998077204767402     
         532           1   1.0000000000000000        61.000000000000000        62.000000000000000        2.3253432594659955       0.57305698655982229     
         533           1   0.0000000000000000        59.000000000000000        59.000000000000000        3.5834417215336005       0.89270033262064108     
         534           1   0.0000000000000000        67.000000000000000        64.000000000000000       -1.6901693107287286      -0.38147998962737872     
         535           1   0.0000000000000000        62.000000000000000        64.000000000000000        1.1713142929128937      -0.66808896010545327     
         536           1   1.0000000000000000        63.000000000000000        62.000000000000000        8.4023024304520411E-002   1.3847806368424767     
         537           1   0.0000000000000000        68.000000000000000        67.000000000000000       -1.1608877896731875      -0.31712665386719957     
         538           0        -999        -999        -999  -3.7499808781701107        9.2843116234245529E-002
         539           1   0.0000000000000000        68.000000000000000        62.000000000000000       -1.6054823462130059       0.23028911463697324     
         540           0        -999        -999        -999  -1.0189456572713937      -0.46874682650266125     
         541           0        -999        -999        -999  -3.0302918896590514       0.39485405874741664     
         542           0        -999        -999        -999   2.2163905526235319       -6.2873053348327629E-002
         543           1   0.0000000000000000        65.000000000000000        63.000000000000000      -0.13482322861903726       0.30332794032885863     
         544           1   1.0000000000000000        59.000000000000000        62.000000000000000        3.3127874456148141       0.45636714179071430     
         545           1   0.0000000000000000        62.000000000000000        62.000000000000000        1.9813115542971960       0.73989288208773207     
         546           1   0.0000000000000000        67.000000000000000        61.000000000000000      -0.41227067347522545       0.67496904724634010     
         547           1   0.0000000000000000        57.000000000000000        69.000000000000000        3.2387848864286424      -0.71672616972839231     
         548           1   0.0000000000000000        69.000000000000000        68.000000000000000       -1.5581215680534890       -1.3238518260085401     
         549           0        -999        -999        -999   1.7848136494764639       -9.5301607573530067E-002
         550           1   0.0000000000000000        66.000000000000000        66.000000000000000      -0.57497710305110428      -0.66723012947903282     
         551           0        -999        -999        -999  -4.1225002387317247      -0.14650111944832059     
         552           1   0.0000000000000000        68.000000000000000        65.000000000000000       -1.7840017739802525       -1.0226586714887640     
         553           1   1.0000000000000000        60.000000000000000        61.000000000000000        2.8986676676339247       0.78228138034995454     
         554           1   0.0000000000000000        72.000000000000000        66.000000000000000       -3.0460024510738402       -1.1261573805080352     
         555           1   0.0000000000000000        72.000000000000000        61.000000000000000       -3.3298878050261695       0.72357718844138896     
         556           1   0.0000000000000000        68.000000000000000        64.000000000000000      -0.29280685639203374      -0.51943370460255922     
         557           1   0.0000000000000000        69.000000000000000        64.000000000000000       -1.4297293762492305       0.34240758216872819     
         558           1   0.0000000000000000        58.000000000000000        62.000000000000000        3.2101582335902532       0.84034703223069418     
         559           1   0.0000000000000000        59.000000000000000        63.000000000000000        1.0902813396026769       0.76084557682958309     
         560           1   0.0000000000000000        62.000000000000000        60.000000000000000        1.0391124506331024        1.5397330762574302     
         561           1   0.0000000000000000        72.000000000000000        65.000000000000000       -3.2626215357573161      -0.60312028866371536     
         562           1   0.0000000000000000        55.000000000000000        60.000000000000000        5.7690342415005125        1.8636684197711006     
         563           1   0.0000000000000000        70.000000000000000        63.000000000000000       -2.7663193037575371       0.43297423337826152     
         564           1   0.0000000000000000        65.000000000000000        62.000000000000000       0.33725627893534027      -0.46344883498126310     
         565           1   0.0000000000000000        62.000000000000000        62.000000000000000        2.2410285733213926      -0.12095673917070972     
         566           1   0.0000000000000000        72.000000000000000        68.000000000000000       -2.8569450350305168       -1.9744052227107818     
         567           1   0.0000000000000000        72.000000000000000        59.000000000000000       -2.8403460015283519        1.1560768313340797     
         568           0        -999        -999        -999 -0.92466827151187414      -0.90465576725436481     
         569           0        -999        -999        -999 -0.89198278868944769      -0.43200662944356766     
         570           1   0.0000000000000000        71.000000000000000        67.000000000000000       -3.1393066471085551       -1.6777928179351724     
         571           1   0.0000000000000000        60.000000000000000        64.000000000000000        2.4922574755009119        4.6099016673662820E-002
         572           1   0.0000000000000000        60.000000000000000        67.000000000000000        2.0597699951565795       -1.3913039180896754     
         573           1   0.0000000000000000        69.000000000000000        63.000000000000000       -1.9187575718998893      -0.13143763513593701     
         574           1   0.0000000000000000        54.000000000000000        62.000000000000000        5.2153713408112807        1.0500376650903069     
         575           1   0.0000000000000000        65.000000000000000        62.000000000000000       -4.4479374553644598E-002  0.93872855486234630     
         576           1   0.0000000000000000        62.000000000000000        61.000000000000000        1.3433127846267707        1.8388637468357780     
         577           1   0.0000000000000000        64.000000000000000        61.000000000000000       0.86650519586736452        1.0087531783889658     
         578           1   0.0000000000000000        57.000000000000000        64.000000000000000        3.3837736085248098       0.72831863366672511     
         579           1   0.0000000000000000        64.000000000000000        61.000000000000000        1.2550755235099524        1.4546891986266337     
         580           1   0.0000000000000000        65.000000000000000        67.000000000000000       0.65821894947690640       -6.1945483930665846E-002
         581           0        -999        -999        -999 -0.87339949214252655      -0.46086759249275838     
         582           1   0.0000000000000000        64.000000000000000        62.000000000000000       0.38254711926367052      -0.22345655562696809     
         583           1   0.0000000000000000        74.000000000000000        59.000000000000000       -3.3220818812558872        1.5700037479669924     
         584           0        -999        -999        -999  0.99424537581499550      -0.19596709295528911     
         585           1   0.0000000000000000        63.000000000000000        63.000000000000000       0.87481699327677365      -0.38333122314998308     
         586           1   0.0000000000000000        73.000000000000000        60.000000000000000       -2.9368102415094386       0.80221372565423854     
         587           1   0.0000000000000000        69.000000000000000        65.000000000000000       -1.1185625760057736       -4.5188969980149200E-002
         588           1   0.0000000000000000        67.000000000000000        67.000000000000000      -0.99431952860768258       -2.3311994527845852     
         589           1   0.0000000000000000        66.000000000000000        62.000000000000000      -0.46904166854002172      -0.46821455905781412     
         590           1   0.0000000000000000        67.000000000000000        69.000000000000000       -1.5280588330910709       -2.3371960610180422     
         591           0        -999        -999        -999   2.7100862105927788        1.3360929982067349     
         592           1   1.0000000000000000        68.000000000000000        63.000000000000000       -1.5361707120357784      -0.34708458708159012     
         593           1   0.0000000000000000        71.000000000000000        67.000000000000000       -2.0012396252581151       -1.2726734309160173     
         594           0        -999        -999        -999 -0.40444810051423774       0.92069747361594456     
         595           1   0.0000000000000000        62.000000000000000        62.000000000000000       0.96081806178960816       0.99948719583686452     
         596           1   0.0000000000000000        71.000000000000000        67.000000000000000       -3.7253007121505108       -1.8513969189399728     
         597           1   0.0000000000000000        62.000000000000000        62.000000000000000        1.7720115461213839        1.2030567484010644     
         598           0        -999        -999        -999  0.18884988625229412       0.37444474100122305     
         599           0        -999        -999        -999 -0.73430905799786794      -0.23910448166501280     
         600           1   0.0000000000000000        71.000000000000000        68.000000000000000       -3.8964384500359999       -2.1009315590173925     
         601           0        -999        -999        -999 -0.53939805212034331      -0.30887796651723709     
         602           1   0.0000000000000000        67.000000000000000        65.000000000000000      -0.64283984328853838      -0.71458804840302792     
         603           1   0.0000000000000000        60.000000000000000        62.000000000000000        2.8966045842773811        1.7460322156205164E-002
         604           1   0.0000000000000000        67.000000000000000        63.000000000000000      -0.44518181454909866       0.35325308608811912     
