           1           1   0.0000000000000000        71.000000000000000        68.000000000000000       -2.1093183535031339       -1.4480523496478019     
           2           1   0.0000000000000000        73.000000000000000        69.000000000000000       -2.5804196013583578       -1.7748343979276178     
           3           1   0.0000000000000000        71.000000000000000        69.000000000000000       -3.1140927352664924       -2.1421279372780022     
           4           0        -999        -999        -999   1.7501892975712354        1.2034581882531887     
           5           1   0.0000000000000000        62.000000000000000        62.000000000000000        1.5005955898142975        1.0228137124890935     
           6           1   0.0000000000000000        72.000000000000000        65.000000000000000       -2.0695854897421064       -1.4315684864648892     
           7           0        -999        -999        -999  -1.0222835145511648      -0.70358563961325771     
           8           1   0.0000000000000000        67.000000000000000        62.000000000000000       0.59967877825767757       0.41433983029315558     
           9           1   0.0000000000000000        68.000000000000000        66.000000000000000      -0.35486393405589489      -0.24890588518309792     
          10           0        -999        -999        -999  0.37639587625724225       0.26022078074335053     
          11           1   1.0000000000000000        64.000000000000000        62.000000000000000        1.1927940027167705       0.81313753518860321     
          12           1   0.0000000000000000        68.000000000000000        67.000000000000000      -0.67984031062520078      -0.46969512857046891     
          13           1   1.0000000000000000        71.000000000000000        68.000000000000000       -3.5799924622546153       -2.4734256357777298     
          14           1   0.0000000000000000        69.000000000000000        68.000000000000000      -0.87997510884028585      -0.61205286708999374     
          15           1   0.0000000000000000        62.000000000000000        60.000000000000000        3.6846542511703664        2.5472671033886956     
          16           1   0.0000000000000000        66.000000000000000        69.000000000000000      -0.41970658447278963      -0.29235062311659277     
          17           1   0.0000000000000000        64.000000000000000        62.000000000000000        1.0675540289391043       0.73232275882417963     
          18           1   0.0000000000000000        62.000000000000000        62.000000000000000        1.4154203930007514       0.97224986366353550     
          19           0        -999        -999        -999 -0.46313623959285932      -0.32202160052895040     
          20           1   0.0000000000000000        60.000000000000000        63.000000000000000        1.7329550956850099        1.1977999504327952     
          21           1   0.0000000000000000        62.000000000000000        57.000000000000000        3.6987510527406617        2.5421976139347762     
          22           1   0.0000000000000000        69.000000000000000        67.000000000000000      -0.77501024508290117      -0.53397519699718288     
          23           1   0.0000000000000000        61.000000000000000        63.000000000000000        1.9900644317192724        1.3772159676229003     
          24           1   0.0000000000000000        71.000000000000000        66.000000000000000       -2.1732833800977036       -1.4982195318642590     
          25           0        -999        -999        -999  -1.7135917308315387       -1.1779988746353844     
          26           1   0.0000000000000000        73.000000000000000        70.000000000000000       -3.1255967538667502       -2.1453116581894589     
          27           1   0.0000000000000000        60.000000000000000        60.000000000000000        3.8287008273027272        2.6409112084219610     
          28           1   0.0000000000000000        65.000000000000000        62.000000000000000        1.2321652917543373       0.84619527558667895     
          29           1   0.0000000000000000        63.000000000000000        64.000000000000000       0.79721117178438605       0.54478578132656841     
          30           1   0.0000000000000000        61.000000000000000        60.000000000000000        3.7125290116262062        2.5582771184102442     
          31           1   0.0000000000000000        67.000000000000000        64.000000000000000       0.20215667465929330       0.13155280769937014     
          32           1   0.0000000000000000        72.000000000000000        69.000000000000000       -2.9201421808593158       -2.0195136895489845     
          33           1   0.0000000000000000        69.000000000000000        67.000000000000000       -1.7699786344147257       -1.2227315821570233     
          34           1   0.0000000000000000        60.000000000000000        62.000000000000000        3.1054978427610234        2.1394613288603841     
          35           0        -999        -999        -999   3.9404835693841576        2.7222741070208816     
          36           0        -999        -999        -999  0.88154698858211755       0.60961293900281999     
          37           1   0.0000000000000000        73.000000000000000        66.000000000000000       -2.2470044229790576       -1.5498162751031819     
          38           1   0.0000000000000000        61.000000000000000        60.000000000000000        3.9735266664990445        2.7325779907548595     
          39           0        -999        -999        -999 -0.37813206549567258      -0.27198230717667049     
          40           1   0.0000000000000000        62.000000000000000        65.000000000000000        2.0684913060555705        1.4326865163468148     
          41           1   0.0000000000000000        75.000000000000000        67.000000000000000       -2.1509990021002481       -1.4728815711434331     
          42           0        -999        -999        -999   1.9169336798126650        1.3225225042468927     
          43           1   0.0000000000000000        70.000000000000000        68.000000000000000       -1.8672714520605218       -1.2873100666383213     
          44           1   0.0000000000000000        62.000000000000000        63.000000000000000        2.2057229538859144        1.5078528268264981     
          45           1   0.0000000000000000        72.000000000000000        68.000000000000000       -2.7696038289259071       -1.9027225357072097     
          46           1   0.0000000000000000        72.000000000000000        68.000000000000000       -2.3948425018099040       -1.6584076633554985     
          47           0        -999        -999        -999 -0.43609208808144190      -0.29886716564356763     
          48           1   1.0000000000000000        63.000000000000000        62.000000000000000        2.1403242134977836        1.4675873555514061     
          49           0        -999        -999        -999   4.8843761814702251        3.3588990104968106     
          50           0        -999        -999        -999  -3.4829382580990234       -2.4015608931927135     
          51           1   0.0000000000000000        63.000000000000000        65.000000000000000       0.20660637647093583       0.15031186305586261     
          52           1   0.0000000000000000        71.000000000000000        68.000000000000000       -2.3433629578972379       -1.6180969520195263     
          53           1   0.0000000000000000        63.000000000000000        60.000000000000000        3.1009579541657994        2.1347694615656705     
          54           1   0.0000000000000000        67.000000000000000        65.000000000000000      -0.46069007807355633      -0.32119917146197252     
          55           1   1.0000000000000000        71.000000000000000        69.000000000000000       -2.3250882730494897       -1.5998600953951652     
          56           1   0.0000000000000000        70.000000000000000        67.000000000000000       -2.6158376487639772       -1.7963676207120454     
          57           0        -999        -999        -999  -2.5376361290737681       -1.7534068842713402     
          58           1   0.0000000000000000        63.000000000000000        62.000000000000000        2.5012135162556195        1.7182179397173269     
          59           1   0.0000000000000000        60.000000000000000        63.000000000000000        2.6639250440366640        1.8340347619968236     
          60           1   0.0000000000000000        58.000000000000000        60.000000000000000        3.6348379118407781        2.5176363317462163     
          61           0        -999        -999        -999  -2.8071086341174367       -1.9324998702001164     
          62           1   0.0000000000000000        73.000000000000000        70.000000000000000       -2.6245479875652888       -1.8011325227831241     
          63           1   0.0000000000000000        59.000000000000000        62.000000000000000        3.6997277732776377        2.5371942379802279     
          64           1   0.0000000000000000        62.000000000000000        62.000000000000000        1.4338749386714076       0.98441230446893213     
          65           0        -999        -999        -999   3.4158582179205701        2.3581011252069275     
          66           1   0.0000000000000000        64.000000000000000        68.000000000000000      -0.60604219035054852      -0.42100068716058325     
          67           0        -999        -999        -999  0.22268356222802768       0.14926169903644365     
          68           1   0.0000000000000000        67.000000000000000        63.000000000000000      -0.30848585023020819      -0.21471766879430812     
          69           1   1.0000000000000000        72.000000000000000        67.000000000000000       -1.9588084108925674       -1.3484508745404680     
          70           1   1.0000000000000000        60.000000000000000        60.000000000000000        4.2867498346688437        2.9469605938682775     
          71           1   0.0000000000000000        68.000000000000000        70.000000000000000       -2.0557514156548642       -1.4064949335063526     
          72           1   0.0000000000000000        70.000000000000000        67.000000000000000       -1.0717917261391119      -0.73810706537507886     
          73           1   0.0000000000000000        64.000000000000000        70.000000000000000        6.6526831370021841E-002   3.9217840473481758E-002
          74           0        -999        -999        -999  -1.0698844055455883      -0.74368320745226935     
          75           1   0.0000000000000000        67.000000000000000        67.000000000000000       0.51551455846865246       0.35221885235700312     
          76           1   1.0000000000000000        70.000000000000000        68.000000000000000       -3.2777018227638122       -2.2521249439745659     
          77           0        -999        -999        -999  -3.6292938287569063       -2.5024396039959149     
          78           1   0.0000000000000000        71.000000000000000        66.000000000000000       -1.8681156759306472       -1.2904503648690482     
          79           1   0.0000000000000000        60.000000000000000        61.000000000000000        3.3998838711060095        2.3386913632267410     
          80           1   0.0000000000000000        69.000000000000000        67.000000000000000      -0.27651870450299731      -0.19086959764119327     
          81           1   0.0000000000000000        61.000000000000000        62.000000000000000        2.8535084220640372        1.9713296223325938     
          82           1   0.0000000000000000        72.000000000000000        68.000000000000000       -2.7875106715078704       -1.9283636829266897     
          83           0        -999        -999        -999  0.45665441505411569       0.31666641376676108     
          84           1   0.0000000000000000        63.000000000000000        65.000000000000000       0.59762594325271645       0.41056812445794594     
          85           1   0.0000000000000000        62.000000000000000        62.000000000000000        4.5774672254543090        3.1739489721005758     
          86           1   0.0000000000000000        63.000000000000000        63.000000000000000       0.96149894149451909       0.65532702806075305     
          87           0        -999        -999        -999  0.14943170552954460       0.10243470589579939     
          88           0        -999        -999        -999  -7.9080021698599123E-002  -6.1973089036842580E-002
          89           0        -999        -999        -999  0.20873552982047169       0.13799884891329880     
          90           1   0.0000000000000000        59.000000000000000        62.000000000000000        2.8302352628533982        1.9582610060359928     
          91           1   0.0000000000000000        59.000000000000000        63.000000000000000        3.9435961764266705        2.7119293001995994     
          92           1   0.0000000000000000        55.000000000000000        80.000000000000000        2.7582253319356558        1.9107680904416831     
          93           1   0.0000000000000000        62.000000000000000        65.000000000000000        1.2181738939758913       0.84211470202385375     
          94           1   0.0000000000000000        58.000000000000000        67.000000000000000        2.6429877554750747        1.8220986495138976     
          95           0        -999        -999        -999  -1.9726600518816391       -1.3599647699892647     
          96           0        -999        -999        -999   1.6250753449172827E-002   1.2582037802683781E-002
          97           1   0.0000000000000000        69.000000000000000        69.000000000000000        4.5281638008209467E-002   3.2954774019461175E-002
          98           1   1.0000000000000000        67.000000000000000        64.000000000000000       0.55327840150912655       0.38818110275274742     
          99           1   1.0000000000000000        71.000000000000000        69.000000000000000       -2.5038227415452257       -1.7231836620203997     
         100           1   0.0000000000000000        75.000000000000000        70.000000000000000       -3.6642348482074918       -2.5223240165534104     
         101           0        -999        -999        -999  -1.2221623181586529      -0.83256810906147183     
         102           1   0.0000000000000000        64.000000000000000        70.000000000000000       0.47598801311773142       0.33701351484944098     
         103           1   0.0000000000000000        73.000000000000000        66.000000000000000       -2.4541680193337303       -1.6824110991922594     
         104           1   0.0000000000000000        68.000000000000000        64.000000000000000       0.43135327419804559       0.29495835793125469     
         105           0        -999        -999        -999 -0.27393187901092425      -0.18832117798353468     
         106           1   0.0000000000000000        69.000000000000000        62.000000000000000       -9.5680399460578935E-002  -6.5782110859825119E-002
         107           0        -999        -999        -999   2.4682078784113490        1.7109965321078451     
         108           1   0.0000000000000000        62.000000000000000        64.000000000000000        2.0036879810495032        1.3831037217766502     
         109           1   0.0000000000000000        73.000000000000000        68.000000000000000       -3.0407424252054556       -2.0908747484618466     
         110           0        -999        -999        -999  0.24892218594129464       0.17421269204623674     
         111           0        -999        -999        -999  -2.8765858061429537       -1.9828682218294533     
         112           0        -999        -999        -999   2.9184166797629949        2.0070526194841141     
         113           1   0.0000000000000000        70.000000000000000        64.000000000000000       -6.5700517235114234E-002  -5.3229895611911930E-002
         114           1   1.0000000000000000        71.000000000000000        71.000000000000000       -9.6884059592255378E-002  -6.2310446953327041E-002
         115           0        -999        -999        -999  -2.7533652119137924       -1.9014379816918685     
         116           1   0.0000000000000000        74.000000000000000        67.000000000000000       -2.6475140402097481       -1.8271693818321952     
         117           1   0.0000000000000000        60.000000000000000        64.000000000000000        3.2871543971400516        2.2608079669021066     
         118           1   0.0000000000000000        62.000000000000000        61.000000000000000        2.6726638253380379        1.8473940989429929     
         119           1   0.0000000000000000        67.000000000000000        62.000000000000000        1.6202857694776855        1.1170619978380816     
         120           1   1.0000000000000000        61.000000000000000        62.000000000000000        3.1704784740654310        2.1700513449431797     
         121           1   0.0000000000000000        73.000000000000000        65.000000000000000       -2.4567733829262046       -1.6813563036206671     
         122           0        -999        -999        -999  0.82179112362728401       0.57612972986384736     
         123           1   0.0000000000000000        73.000000000000000        67.000000000000000       -1.9877623960666957       -1.3681019664862262     
         124           1   0.0000000000000000        62.000000000000000        67.000000000000000       0.68258039472028553       0.46696727282569195     
         125           0        -999        -999        -999 -0.19377929863811738      -0.13456552356351534     
         126           1   0.0000000000000000        68.000000000000000        65.000000000000000       -9.6396032465693046E-002  -6.5357448459258435E-002
         127           0        -999        -999        -999  -1.8098759820170749       -1.2446203396471729     
         128           1   0.0000000000000000        69.000000000000000        65.000000000000000      -0.72567378240332969      -0.49537445051658990     
         129           1   1.0000000000000000        70.000000000000000        65.000000000000000      -0.74691547217855625      -0.50888411096220698     
         130           1   1.0000000000000000        65.000000000000000        65.000000000000000       0.59503488927141091       0.41459529835581882     
         131           0        -999        -999        -999 -0.65574281503839449      -0.44793130115248458     
         132           0        -999        -999        -999  0.57223082019168781       0.39384076881015445     
         133           1   0.0000000000000000        67.000000000000000        71.000000000000000       -1.0236741969289780      -0.70684578135712639     
         134           1   0.0000000000000000        62.000000000000000        62.000000000000000        2.1267474703534917        1.4604533929790080     
         135           0        -999        -999        -999  -1.7995213989703267       -1.2423143859952379     
         136           1   0.0000000000000000        80.000000000000000        74.000000000000000        9.9255321319978371E-002   6.8442952828544026E-002
         137           1   0.0000000000000000        71.000000000000000        65.000000000000000       -1.4855616707593464       -1.0358310218839699     
         138           1   0.0000000000000000        72.000000000000000        67.000000000000000       -1.6326526671753407       -1.1214271525047801     
         139           1   0.0000000000000000        60.000000000000000        61.000000000000000        3.7935477094238390        2.6081551458830545     
         140           0        -999        -999        -999   3.4391797504122263        2.3731567736673869     
         141           1   0.0000000000000000        69.000000000000000        65.000000000000000       -2.0576186010117685       -1.4184916996270187     
         142           1   0.0000000000000000        62.000000000000000        65.000000000000000        2.0249622001653349        1.4009902739422073     
         143           1   1.0000000000000000        62.000000000000000        62.000000000000000        2.4057723706562713        1.6597054555244370     
         144           1   1.0000000000000000        62.000000000000000        63.000000000000000        1.1886941494998124       0.81411450297903476     
         145           1   0.0000000000000000        63.000000000000000        64.000000000000000        1.0946140405696274       0.75654179368704400     
         146           1   0.0000000000000000        71.000000000000000        66.000000000000000       -1.1901720880579845      -0.81442123481288919     
         147           1   0.0000000000000000        74.000000000000000        70.000000000000000       -4.2141463994244166       -2.9032707307373169     
         148           1   0.0000000000000000        72.000000000000000        69.000000000000000       -2.9666094379754395       -2.0378177941491531     
         149           1   0.0000000000000000        64.000000000000000        64.000000000000000        4.5302411151825275E-002   4.1183023314576184E-002
         150           1   0.0000000000000000        70.000000000000000        67.000000000000000       -2.0188350630167169       -1.3777991631328430     
         151           1   0.0000000000000000        67.000000000000000        63.000000000000000       -5.4174474180494307E-002  -3.6872288459611893E-002
         152           1   0.0000000000000000        58.000000000000000        62.000000000000000        3.5275907019414818        2.4210828096125740     
         153           1   0.0000000000000000        60.000000000000000        62.000000000000000        3.0986042851245021        2.1497171525965473     
         154           0        -999        -999        -999  -2.1693125200409331       -1.4856438742147260     
         155           1   0.0000000000000000        73.000000000000000        67.000000000000000       -2.7193941235203591       -1.8787912056762357     
         156           1   0.0000000000000000        71.000000000000000        68.000000000000000       -1.6781692748040122       -1.1530738782540784     
         157           0        -999        -999        -999  -1.6757101385853297       -1.1596252636967781     
         158           0        -999        -999        -999  -4.6428766901546750       -3.2025459374294183     
         159           0        -999        -999        -999 -0.55594108495122219      -0.38292390356012268     
         160           0        -999        -999        -999  -1.9473188749625943       -1.3429949265998735     
         161           1   0.0000000000000000        62.000000000000000        62.000000000000000        2.0279713096594865        1.4081711263549956     
         162           1   0.0000000000000000        70.000000000000000        65.000000000000000       -2.1455942306156128       -1.4692843659984312     
         163           1   0.0000000000000000        62.000000000000000        63.000000000000000        2.8684317085559186        1.9781404419809059     
         164           1   0.0000000000000000        74.000000000000000        67.000000000000000       -2.7145149056871678       -1.8686382144954914     
         165           0        -999        -999        -999  0.16923405042796857       0.10953357811098431     
         166           1   0.0000000000000000        64.000000000000000        62.000000000000000        4.1903650703346447        2.9001712928114762     
         167           1   0.0000000000000000        69.000000000000000        67.000000000000000       -1.7258545523826700       -1.1961675437958825     
         168           0        -999        -999        -999  -1.0140781610689689      -0.69737777109557397     
         169           1   1.0000000000000000        69.000000000000000        65.000000000000000       -1.2704530623949188      -0.87191646789559629     
         170           1   0.0000000000000000        69.000000000000000        64.000000000000000      -0.95029846530178763      -0.66195583937717006     
         171           1   0.0000000000000000        65.000000000000000        65.000000000000000      -0.46548142175795909      -0.31344177192773026     
         172           1   0.0000000000000000        70.000000000000000        68.000000000000000       -2.3308944233190605       -1.6145707739161952     
         173           1   1.0000000000000000        68.000000000000000        67.000000000000000       -1.3337337110782712      -0.92444774675029406     
         174           1   0.0000000000000000        64.000000000000000        60.000000000000000        2.7678036900663257        1.8953670493016213     
         175           1   1.0000000000000000        64.000000000000000        63.000000000000000       0.30716428961602493       0.21157117128542491     
         176           0        -999        -999        -999  -1.3833198640921918      -0.94971699944912946     
         177           1   0.0000000000000000        63.000000000000000        69.000000000000000       -8.7943444687879678E-004  -1.1292971149861036E-003
         178           1   0.0000000000000000        63.000000000000000        61.000000000000000        1.9632950937849154        1.3488474809266020     
         179           1   0.0000000000000000        63.000000000000000        66.000000000000000       0.26598085378046160       0.18309699413255576     
         180           1   0.0000000000000000        62.000000000000000        63.000000000000000        1.3238312774145127       0.91502366222396947     
         181           1   0.0000000000000000        67.000000000000000        69.000000000000000       -1.5235813215397738       -1.0510902606372399     
         182           1   0.0000000000000000        62.000000000000000        62.000000000000000        1.9888760444680016        1.3770315292904989     
         183           0        -999        -999        -999 -0.78822002622736287      -0.54062474546919081     
         184           0        -999        -999        -999 -0.54953228402533294      -0.38144392148213990     
         185           0        -999        -999        -999   1.0251733372414755       0.70403019914922504     
         186           0        -999        -999        -999   4.0888522847700264        2.8100197836985488     
         187           1   0.0000000000000000        72.000000000000000        69.000000000000000       -3.4076698723504433       -2.3460234645233697     
         188           1   0.0000000000000000        69.000000000000000        67.000000000000000       -2.0091730021856957       -1.3909785533835461     
         189           0        -999        -999        -999  -4.8386166674582683E-002  -4.0874119295397533E-002
         190           1   0.0000000000000000        58.000000000000000        69.000000000000000        3.4511217520882020        2.4009393793108393     
         191           1   0.0000000000000000        75.000000000000000        70.000000000000000       -4.0698242280379899       -2.8012147058411534     
         192           1   0.0000000000000000        63.000000000000000        61.000000000000000        2.4745677556386987        1.6973341937825583     
         193           1   0.0000000000000000        63.000000000000000        62.000000000000000        2.1191620654365928        1.4648721245739904     
         194           1   0.0000000000000000        68.000000000000000        65.000000000000000      -0.16984872183998320      -0.11262349767826046     
         195           1   0.0000000000000000        72.000000000000000        66.000000000000000       -2.2947149907431430       -1.5830310160860637     
         196           1   0.0000000000000000        59.000000000000000        61.000000000000000        2.9142225457489781        2.0127808570403900     
         197           1   0.0000000000000000        58.000000000000000        63.000000000000000        3.4195751384861648        2.3547567931464668     
         198           1   0.0000000000000000        71.000000000000000        67.000000000000000       -4.0151554807561327       -2.7624912621944340     
         199           0        -999        -999        -999  -2.8164810734769548       -1.9407999118773995     
         200           1   0.0000000000000000        63.000000000000000        64.000000000000000        1.0785774853918806       0.74498546015830924     
         201           1   0.0000000000000000        61.000000000000000        61.000000000000000        3.0707183949192971        2.1148685838000860     
         202           1   0.0000000000000000        70.000000000000000        65.000000000000000      -0.79454475732584617      -0.53992646946118616     
         203           1   0.0000000000000000        70.000000000000000        68.000000000000000       -2.2713598961583927       -1.5738454278357645     
         204           1   0.0000000000000000        60.000000000000000        59.000000000000000        3.9276822103037863        2.7081176509923073     
         205           0        -999        -999        -999   1.3207304599182563       0.90965833472891744     
         206           1   0.0000000000000000        64.000000000000000        64.000000000000000        1.0925783715607147       0.74950125261096356     
         207           1   0.0000000000000000        64.000000000000000        64.000000000000000       0.85285881164247168       0.59267729618939324     
         208           1   0.0000000000000000        66.000000000000000        64.000000000000000       -1.0868011255480061E-002  -6.5675072124946497E-003
         209           1   0.0000000000000000        61.000000000000000        62.000000000000000        2.3620555726378991        1.6343686832543827     
         210           1   0.0000000000000000        64.000000000000000        65.000000000000000       -8.2486238334724238E-002  -6.3857988557739317E-002
         211           1   0.0000000000000000        73.000000000000000        69.000000000000000       -3.2671430388830309       -2.2599293828972491     
         212           1   0.0000000000000000        71.000000000000000        66.000000000000000       -2.4109036610251158       -1.6603766708317109     
         213           1   0.0000000000000000        62.000000000000000        61.000000000000000        2.4367784961729542        1.6677836856419819     
         214           1   0.0000000000000000        70.000000000000000        66.000000000000000       -1.3465088267925898      -0.92778141440851714     
         215           1   0.0000000000000000        70.000000000000000        66.000000000000000       -2.3751157920698627       -1.6428198245812982     
         216           1   0.0000000000000000        70.000000000000000        66.000000000000000       -2.2291868853692827       -1.5409890216964792     
         217           1   1.0000000000000000        65.000000000000000        64.000000000000000       0.16301395052247689       0.11473761480815473     
         218           1   0.0000000000000000        61.000000000000000        63.000000000000000        2.2691275625672871        1.5723111091645978     
         219           1   0.0000000000000000        60.000000000000000        69.000000000000000        2.0588833887111710        1.4223566317776690     
         220           1   0.0000000000000000        68.000000000000000        68.000000000000000       -2.0386810808144697       -1.3974348288971432     
         221           1   1.0000000000000000        62.000000000000000        62.000000000000000        1.7455450786536346        1.2045261491475394     
         222           1   0.0000000000000000        66.000000000000000        64.000000000000000      -0.39009528816751815      -0.26928175193794424     
         223           1   0.0000000000000000        63.000000000000000        62.000000000000000        2.0578423418702561        1.4300412449165949     
         224           1   0.0000000000000000        68.000000000000000        67.000000000000000       -1.4568449794033580      -0.99952765331791527     
         225           1   0.0000000000000000        63.000000000000000        63.000000000000000       0.35263092370650151       0.24907612531845552     
         226           0        -999        -999        -999 -0.76318913270928856      -0.52476423679274919     
         227           0        -999        -999        -999  0.65849703006098581       0.45439223484458191     
         228           1   0.0000000000000000        67.000000000000000        65.000000000000000        1.7144778030219061        1.1755036063189570     
         229           1   0.0000000000000000        64.000000000000000        62.000000000000000       -3.5606887475863262E-002  -2.1933470758383242E-002
         230           0        -999        -999        -999  -1.9816110503946802       -1.3618968219630816     
         231           1   0.0000000000000000        62.000000000000000        62.000000000000000        2.1634657217263227        1.4957651864061257     
         232           0        -999        -999        -999  -1.2279561391757188      -0.84896837747174692     
         233           1   0.0000000000000000        71.000000000000000        65.000000000000000       -2.3004479555272277       -1.5813507509093825     
         234           1   0.0000000000000000        65.000000000000000        65.000000000000000        4.6824060534414291E-002   2.8357290177660591E-002
         235           1   0.0000000000000000        72.000000000000000        70.000000000000000       -3.8271407837641687       -2.6502921108288886     
         236           1   0.0000000000000000        70.000000000000000        66.000000000000000       -2.1886343020500796       -1.5190078427235159     
         237           1   0.0000000000000000        58.000000000000000        62.000000000000000        2.4234633426503960        1.6841839652553723     
         238           1   0.0000000000000000        57.000000000000000        61.000000000000000        3.8485691598063498        2.6602692737295972     
         239           1   0.0000000000000000        57.000000000000000        66.000000000000000        1.1963794935404692       0.81708566775727665     
         240           1   0.0000000000000000        70.000000000000000        65.000000000000000       -2.2367159892825899       -1.5455620092470186     
         241           1   1.0000000000000000        69.000000000000000        65.000000000000000       -1.6055870842564619       -1.1040680405730106     
         242           0        -999        -999        -999 -0.54449965412342671      -0.38352144548242056     
         243           0        -999        -999        -999 -0.46221527541533014      -0.31807502339012622     
         244           1   0.0000000000000000        72.000000000000000        65.000000000000000       -2.4209476340024731       -1.6699823961997788     
         245           0        -999        -999        -999   2.4910078416777148        1.7097052934008332     
         246           0        -999        -999        -999   8.8868283944798735E-003   1.6968985399152009E-002
         247           1   0.0000000000000000        62.000000000000000        62.000000000000000        1.7483397608777809        1.2089613370397487     
         248           1   0.0000000000000000        62.000000000000000        60.000000000000000        2.9986389052414131        2.0710223639368563     
         249           1   0.0000000000000000        70.000000000000000        63.000000000000000      -0.30467569714404807      -0.21058910993488247     
         250           1   0.0000000000000000        70.000000000000000        69.000000000000000       -1.8441883640716616       -1.2686515031074677     
         251           1   0.0000000000000000        57.000000000000000        60.000000000000000        4.6133503243031715        3.1830895639685921     
         252           1   0.0000000000000000        65.000000000000000        63.000000000000000       0.48660129106553091       0.33264651098961873     
         253           1   0.0000000000000000        68.000000000000000        68.000000000000000       -1.0038998616150021      -0.69374536230461625     
         254           0        -999        -999        -999   1.0979944041645602       0.75414518772791039     
         255           1   0.0000000000000000        67.000000000000000        65.000000000000000      -0.12391836801822947       -8.4349460346868063E-002
         256           0        -999        -999        -999  -2.8564676438957330       -1.9722041792569889     
         257           1   0.0000000000000000        62.000000000000000        62.000000000000000        1.7092461360589331        1.1813241870275373     
         258           1   0.0000000000000000        64.000000000000000        62.000000000000000        1.5021535403077735        1.0452202965076820     
         259           1   0.0000000000000000        67.000000000000000        66.000000000000000      -0.25826747578035775      -0.16620086616509736     
         260           1   0.0000000000000000        73.000000000000000        70.000000000000000       -4.7170279179022669       -3.2471425579932549     
         261           1   0.0000000000000000        62.000000000000000        62.000000000000000        1.4478389667119924       0.99191118718726945     
         262           1   0.0000000000000000        69.000000000000000        64.000000000000000      -0.99233748087476403      -0.68283986696381860     
         263           1   0.0000000000000000        61.000000000000000        61.000000000000000        2.8382475174277975        1.9734165192757347     
         264           1   0.0000000000000000        74.000000000000000        68.000000000000000       -2.9451862558384470       -2.0312482695324858     
         265           1   0.0000000000000000        57.000000000000000        62.000000000000000        3.7885811213774256        2.6074479529196197     
         266           1   0.0000000000000000        70.000000000000000        65.000000000000000       -2.2893797616345015       -1.5798877741583270     
         267           1   0.0000000000000000        58.000000000000000        57.000000000000000        5.4656512325950928        3.7781783453876590     
         268           1   0.0000000000000000        62.000000000000000        64.000000000000000       0.72470690725303710       0.50558312851954335     
         269           1   0.0000000000000000        63.000000000000000        58.000000000000000        4.0984752671200608        2.8380741653408972     
         270           1   0.0000000000000000        65.000000000000000        62.000000000000000        1.2618956879663450       0.87550016135038600     
         271           1   0.0000000000000000        63.000000000000000        65.000000000000000       0.21099043643750831       0.14284732907856015     
         272           0        -999        -999        -999  0.32669377759514168       0.22850155159530491     
         273           1   0.0000000000000000        64.000000000000000        65.000000000000000       0.25467045468947558       0.18052400743040964     
         274           1   0.0000000000000000        75.000000000000000        64.000000000000000        1.5657073810529554        1.0798986734623413     
         275           1   0.0000000000000000        68.000000000000000        66.000000000000000      -0.92212894534658063      -0.64347217663118872     
         276           1   0.0000000000000000        63.000000000000000        63.000000000000000       0.30221610795641324       0.20592240344698390     
         277           0        -999        -999        -999  -4.7662172384363696E-002  -3.6563157399739435E-002
         278           1   0.0000000000000000        72.000000000000000        68.000000000000000       -2.8317534064002827       -1.9535375468486200     
         279           1   0.0000000000000000        74.000000000000000        69.000000000000000       -4.1889691018897626       -2.8960088153228618     
         280           1   0.0000000000000000        68.000000000000000        66.000000000000000       -1.5814701632886141       -1.0937572991731375     
         281           1   0.0000000000000000        68.000000000000000        66.000000000000000      -0.92817856706900825      -0.63443731381145396     
         282           1   0.0000000000000000        57.000000000000000        61.000000000000000        4.2187491768379193        2.9056871889566924     
         283           1   0.0000000000000000        69.000000000000000        67.000000000000000       -1.5252251619449464       -1.0512013806696112     
         284           1   0.0000000000000000        61.000000000000000        63.000000000000000        2.3464157665872789        1.6233267344417539     
         285           1   0.0000000000000000        62.000000000000000        62.000000000000000        2.0007063817065323        1.3814908613005901     
         286           1   0.0000000000000000        72.000000000000000        66.000000000000000       -2.3320012955299361       -1.6022631870924107     
         287           1   0.0000000000000000        72.000000000000000        67.000000000000000       -1.9087508360045597       -1.3212308861185305     
         288           1   0.0000000000000000        71.000000000000000        66.000000000000000       -1.8870898428715039       -1.2994556886733180     
         289           1   0.0000000000000000        62.000000000000000        61.000000000000000        3.0222952401516041        2.0729225198995214     
         290           0        -999        -999        -999  -2.2886496547124278       -1.5762553015577385     
         291           0        -999        -999        -999  -4.1651770750757784       -2.8725651537395089     
         292           1   1.0000000000000000        72.000000000000000        67.000000000000000       -2.3623455794622195       -1.6222994532226833     
         293           1   0.0000000000000000        71.000000000000000        66.000000000000000       -2.4284433862777317       -1.6760898683994241     
         294           1   0.0000000000000000        65.000000000000000        61.000000000000000        1.9497568276259127        1.3445846958664847     
         295           1   0.0000000000000000        66.000000000000000        65.000000000000000      -0.72761297609621745      -0.49588886432890633     
         296           0        -999        -999        -999  0.33665433176789172       0.22850601437905874     
         297           1   1.0000000000000000        74.000000000000000        69.000000000000000       -3.5798636274754592       -2.4588682660282499     
         298           1   0.0000000000000000        69.000000000000000        73.000000000000000       -2.5864920263572908       -1.7869266731609124     
         299           1   1.0000000000000000        70.000000000000000        65.000000000000000       -1.9994315210772646       -1.3786203603253802     
         300           1   0.0000000000000000        69.000000000000000        67.000000000000000      -0.98199871116697224      -0.67052747400805535     
         301           1   0.0000000000000000        62.000000000000000        63.000000000000000        2.7507765937949507        1.9051561786745836     
         302           1   0.0000000000000000        69.000000000000000        69.000000000000000       -2.5098291658994607       -1.7334265468932357     
         303           1   0.0000000000000000        69.000000000000000        65.000000000000000       -1.2648957427452772      -0.87665909735381353     
         304           1   0.0000000000000000        74.000000000000000        71.000000000000000       -3.9512869608948686       -2.7273185612193798     
         305           1   0.0000000000000000        62.000000000000000        63.000000000000000        1.4721532635885890        1.0135776941791730     
         306           1   0.0000000000000000        64.000000000000000        65.000000000000000       0.17332538628275990       0.11509067319416776     
         307           0        -999        -999        -999   2.1545564984801384        1.4933146472724785     
         308           1   0.0000000000000000        62.000000000000000        62.000000000000000        1.1549663023245857       0.79754043419809506     
         309           1   0.0000000000000000        70.000000000000000        66.000000000000000       -1.5929207963557248       -1.1001688993850720     
         310           1   1.0000000000000000        67.000000000000000        68.000000000000000       -1.2034425080254889      -0.83743174035437962     
         311           1   0.0000000000000000        62.000000000000000        62.000000000000000        1.8037370581963612        1.2441622315133984     
         312           1   0.0000000000000000        62.000000000000000        60.000000000000000        1.7350751272048592        1.1909204785368832     
         313           1   0.0000000000000000        70.000000000000000        68.000000000000000       -1.7749471775909234       -1.2221513550992069     
         314           0        -999        -999        -999  -1.0495322232224789      -0.72122508557120812     
         315           1   0.0000000000000000        67.000000000000000        67.000000000000000      -0.46767701115593108      -0.32331064804539417     
         316           1   0.0000000000000000        75.000000000000000        66.000000000000000       -1.9993691102979241       -1.3695798204057190     
         317           0        -999        -999        -999  -1.4277170670737234      -0.98462881192327922     
         318           1   0.0000000000000000        63.000000000000000        64.000000000000000        7.8047235609311580E-002   5.0402694975822941E-002
         319           1   0.0000000000000000        74.000000000000000        70.000000000000000       -3.3484934868129197       -2.3110855799970564     
         320           0        -999        -999        -999   3.3006562803815456        2.2897841247141226     
         321           1   0.0000000000000000        60.000000000000000        63.000000000000000        2.6917442008541315        1.8546697266422700     
         322           0        -999        -999        -999  0.36802826509394893       0.24807945003922419     
         323           0        -999        -999        -999  -3.1352065277792445       -2.1724174319559966     
         324           1   0.0000000000000000        66.000000000000000        64.000000000000000       0.30754140786929374       0.21306731580117100     
         325           1   0.0000000000000000        69.000000000000000        67.000000000000000       -2.1178426194456090       -1.4623850186263467     
         326           0        -999        -999        -999  0.55818796018138939       0.38244940215979079     
         327           1   0.0000000000000000        62.000000000000000        62.000000000000000        1.7495502454624896        1.2068630202530890     
         328           1   0.0000000000000000        70.000000000000000        63.000000000000000       -1.0859388204705758      -0.74002522534610238     
         329           1   0.0000000000000000        65.000000000000000        60.000000000000000       0.70261861944740678       0.48198420158618155     
         330           1   1.0000000000000000        73.000000000000000        71.000000000000000       -4.0050029286653483       -2.7453051088184202     
         331           0        -999        -999        -999 -0.17782036370057702      -0.13288424260634898     
         332           1   0.0000000000000000        62.000000000000000        61.000000000000000        2.0498960669998665        1.4104151324890548     
         333           1   0.0000000000000000        63.000000000000000        64.000000000000000       0.68848989138827621       0.47421096656938838     
         334           1   0.0000000000000000        73.000000000000000        69.000000000000000       -3.7981082704669116       -2.6337860141949330     
         335           1   0.0000000000000000        68.000000000000000        65.000000000000000       -1.0198097607623675      -0.71563568663101007     
         336           0        -999        -999        -999   1.4397559433882865       0.99679265381617099     
         337           1   0.0000000000000000        69.000000000000000        61.000000000000000       0.59283320616174895       0.41413367994001932     
         338           0        -999        -999        -999  -2.9647207699160072       -2.0461607968775422     
         339           1   0.0000000000000000        61.000000000000000        59.000000000000000        2.6988652320587683        1.8684892497785892     
         340           1   0.0000000000000000        67.000000000000000        64.000000000000000        8.9852889063527272E-002   6.7306024173722209E-002
         341           1   0.0000000000000000        72.000000000000000        68.000000000000000       -4.2169303792129202       -2.9150278018483671     
         342           1   0.0000000000000000        74.000000000000000        70.000000000000000       -3.3966994767196086       -2.3397645863654555     
         343           1   0.0000000000000000        61.000000000000000        63.000000000000000        1.7630252293787252        1.2175413477797676     
         344           1   0.0000000000000000        67.000000000000000        61.000000000000000       0.63900340910990361       0.44234568211451886     
         345           0        -999        -999        -999   2.2648063813787336        1.5686429645596596     
         346           1   0.0000000000000000        72.000000000000000        68.000000000000000       -3.3483801419455363       -2.3087799144881362     
         347           1   0.0000000000000000        69.000000000000000        68.000000000000000       -2.6367811091658520       -1.8237572877225399     
         348           0        -999        -999        -999  -1.7215112539420268       -1.1846084728194053     
         349           1   0.0000000000000000        62.000000000000000        61.000000000000000        1.4056933279652879       0.97139237890807961     
         350           1   0.0000000000000000        65.000000000000000        65.000000000000000      -0.50901489746962625      -0.35570571651113669     
         351           1   1.0000000000000000        62.000000000000000        62.000000000000000        1.4767078798760391        1.0194939862326644     
         352           0        -999        -999        -999   2.0288177571887509        1.3993568247982544     
         353           1   0.0000000000000000        68.000000000000000        65.000000000000000       -6.5062272267355684E-002  -4.1521262815783097E-002
         354           1   0.0000000000000000        70.000000000000000        68.000000000000000       -1.9667391033708923       -1.3529836519373561     
         355           1   0.0000000000000000        62.000000000000000        62.000000000000000        2.4639479447616801        1.6934212267606739     
         356           1   1.0000000000000000        71.000000000000000        68.000000000000000       -2.8220469328568818       -1.9443579024574966     
         357           1   0.0000000000000000        67.000000000000000        63.000000000000000      -0.33614135586327237      -0.23348545152298364     
         358           1   0.0000000000000000        75.000000000000000        70.000000000000000       -3.4719254096008512       -2.3927618165121256     
         359           0        -999        -999        -999 -0.71255423337030577      -0.49113448486899841     
         360           1   0.0000000000000000        69.000000000000000        63.000000000000000       -1.2970574487782427      -0.89570987389511925     
         361           1   0.0000000000000000        70.000000000000000        65.000000000000000       -2.2843069601275614       -1.5706007084670781     
         362           1   1.0000000000000000        62.000000000000000        60.000000000000000        2.0666735242956555        1.4285638790262458     
         363           0        -999        -999        -999   3.6474380926671359        2.5124258780182709     
         364           0        -999        -999        -999  -1.4981786954927045       -1.0251791171668299     
         365           1   0.0000000000000000        68.000000000000000        65.000000000000000       -1.6549657224223828       -1.1429022393230424     
         366           0        -999        -999        -999   1.9761255135562101        1.3665666707634601     
         367           1   0.0000000000000000        68.000000000000000        65.000000000000000      -0.57384367582790374      -0.39597378787217730     
         368           1   0.0000000000000000        74.000000000000000        69.000000000000000       -3.8252354710331820       -2.6463719530277725     
         369           0        -999        -999        -999   1.0583515146413618       0.72371254658861328     
         370           1   0.0000000000000000        72.000000000000000        66.000000000000000       -3.0644336580655551       -2.1189391070338335     
         371           1   0.0000000000000000        65.000000000000000        64.000000000000000       0.18445820055740847       0.11711708469851892     
         372           0        -999        -999        -999   2.1298551559679164        1.4675160117119208     
         373           1   0.0000000000000000        67.000000000000000        65.000000000000000      -0.96722628083079831      -0.68449429083786573     
         374           1   0.0000000000000000        61.000000000000000        62.000000000000000        2.0185822189966469        1.3952354702206948     
         375           1   1.0000000000000000        68.000000000000000        67.000000000000000      -0.75393880981150840      -0.52254913196427677     
         376           1   0.0000000000000000        69.000000000000000        64.000000000000000       0.76958241255013760       0.52366170354915054     
         377           1   0.0000000000000000        65.000000000000000        63.000000000000000        4.2397068072436886E-002   2.1383008765737781E-002
         378           1   1.0000000000000000        61.000000000000000        60.000000000000000        3.6868078824224950        2.5342648403116432     
         379           1   0.0000000000000000        68.000000000000000        67.000000000000000       -1.3449608783353910      -0.93166599744399237     
         380           1   1.0000000000000000        63.000000000000000        63.000000000000000        1.1330508373961847       0.78250477769208371     
         381           1   0.0000000000000000        70.000000000000000        65.000000000000000       -1.4633375191534048       -1.0090137856301300     
         382           1   0.0000000000000000        69.000000000000000        64.000000000000000      -0.95934959532611463      -0.65698306449131350     
         383           1   0.0000000000000000        63.000000000000000        62.000000000000000        2.0607768780107003        1.4162360511495278     
         384           1   0.0000000000000000        73.000000000000000        68.000000000000000       -3.6534772639704527       -2.5086026972933548     
         385           1   0.0000000000000000        72.000000000000000        69.000000000000000       -3.2289213879824747       -2.2269711684081397     
         386           0        -999        -999        -999   1.8613080045907142        1.2855973825414515     
         387           0        -999        -999        -999   1.3233497843977449       0.90811270657849463     
         388           1   0.0000000000000000        64.000000000000000        63.000000000000000        1.4319339182655915       0.99496879975784258     
         389           0        -999        -999        -999   2.8474199019488147        1.9669490837654231     
         390           1   0.0000000000000000        67.000000000000000        64.000000000000000      -0.25543839463031814      -0.18304535934379929     
         391           0        -999        -999        -999 -0.83539000827456589      -0.56694900894577271     
         392           1   0.0000000000000000        59.000000000000000        57.000000000000000        4.2345691377484425        2.9075411933190107     
         393           1   0.0000000000000000        72.000000000000000        68.000000000000000       -2.3472422649172606       -1.6254109955243226     
         394           1   0.0000000000000000        61.000000000000000        65.000000000000000       0.21776953695036944       0.14026056644789925     
         395           1   0.0000000000000000        65.000000000000000        64.000000000000000       -8.0869656377257362E-002  -6.1505010085397792E-002
         396           1   1.0000000000000000        57.000000000000000        55.000000000000000        7.2839354536836449        5.0263299201585587     
         397           0        -999        -999        -999  0.43475704519517983       0.29723720185016284     
         398           1   1.0000000000000000        62.000000000000000        62.000000000000000        1.8442448323850384        1.2774958283145537     
         399           1   0.0000000000000000        58.000000000000000        60.000000000000000        4.6123230539107087        3.1818393688996758     
         400           1   1.0000000000000000        68.000000000000000        68.000000000000000      -0.49126950505012701      -0.33348581876938432     
         401           1   0.0000000000000000        71.000000000000000        67.000000000000000       -2.9128293658225202       -1.9900189936011088     
         402           1   0.0000000000000000        65.000000000000000        63.000000000000000      -0.91165056186860316      -0.62944782557543644     
         403           1   0.0000000000000000        73.000000000000000        68.000000000000000       -3.4394749699896296       -2.3780823102508712     
         404           1   0.0000000000000000        65.000000000000000        65.000000000000000      -0.19789918753505295      -0.13182873953426649     
         405           1   0.0000000000000000        62.000000000000000        62.000000000000000        2.1440042608966725        1.4817837526215567     
         406           0        -999        -999        -999  0.63666624554139217       0.42735176210632436     
         407           0        -999        -999        -999  -2.0403925462423342       -1.4099912842507434     
         408           1   0.0000000000000000        67.000000000000000        65.000000000000000       -1.5747617365550162       -1.0779943453578480     
         409           1   0.0000000000000000        62.000000000000000        62.000000000000000        2.3586923608154997        1.6223420156335520     
         410           1   0.0000000000000000        62.000000000000000        61.000000000000000        2.3415883131474273        1.6180822084677056     
         411           0        -999        -999        -999 -0.95347952247030021      -0.65510650507419210     
         412           1   0.0000000000000000        73.000000000000000        69.000000000000000       -3.9158137707482634       -2.7114541296772110     
         413           1   1.0000000000000000        68.000000000000000        64.000000000000000      -0.67022937867658117      -0.46421986493462292     
         414           1   0.0000000000000000        71.000000000000000        75.000000000000000       -3.5956411579226848       -2.4820945301010662     
         415           1   1.0000000000000000        65.000000000000000        65.000000000000000       -8.1447927380546611E-002  -6.2141574624857837E-002
         416           1   0.0000000000000000        58.000000000000000        62.000000000000000        2.5957374610451489        1.7866339345986055     
         417           0        -999        -999        -999  -1.0453491118188054      -0.71990731139039055     
         418           0        -999        -999        -999  0.52528848136301642       0.36423955551146725     
         419           1   0.0000000000000000        73.000000000000000        68.000000000000000       -3.3274511248593961       -2.2941044159019328     
         420           1   0.0000000000000000        71.000000000000000        67.000000000000000       -3.5355634840495362       -2.4322329140318515     
         421           1   0.0000000000000000        67.000000000000000        61.000000000000000       0.79541258365015577       0.54442963135100719     
         422           0        -999        -999        -999 -0.87908843643923218      -0.59975609992537604     
         423           1   0.0000000000000000        62.000000000000000        61.000000000000000        2.1689216934205295        1.5104240739117936     
         424           1   0.0000000000000000        72.000000000000000        66.000000000000000       -2.3226858450724652       -1.5985251242103953     
         425           1   0.0000000000000000        67.000000000000000        64.000000000000000      -0.49756820678860242      -0.34563104735987371     
         426           1   0.0000000000000000        73.000000000000000        66.000000000000000       -3.0588372698917761       -2.1116490548713109     
         427           1   0.0000000000000000        73.000000000000000        66.000000000000000       -3.3696324611420998       -2.3148056916474000     
         428           1   0.0000000000000000        70.000000000000000        66.000000000000000       -1.7089269705535741       -1.1893661004657450     
         429           1   0.0000000000000000        74.000000000000000        71.000000000000000       -2.6967762461364813       -1.8579756958996878     
         430           0        -999        -999        -999   2.3766330378835328        1.6283885535198959     
         431           0        -999        -999        -999  0.76780915634865321       0.52428304584965690     
         432           1   0.0000000000000000        62.000000000000000        62.000000000000000        2.1654100226655881        1.4938929377537298     
         433           1   0.0000000000000000        70.000000000000000        65.000000000000000      -0.20377793198940364      -0.14491297471698025     
         434           1   0.0000000000000000        70.000000000000000        66.000000000000000       -2.1679002768720088       -1.4936615693987745     
         435           0        -999        -999        -999  -3.2737071833815321       -2.2627297392329146     
         436           1   1.0000000000000000        64.000000000000000        62.000000000000000        5.3964437390215142E-002   4.4503404752099060E-002
         437           1   0.0000000000000000        66.000000000000000        65.000000000000000      -0.32901787521139908      -0.21904375374120377     
         438           1   0.0000000000000000        62.000000000000000        62.000000000000000        1.4175479061450988       0.96813198679181811     
         439           1   0.0000000000000000        62.000000000000000        62.000000000000000        2.3678961755333860        1.6442955394017245     
         440           1   0.0000000000000000        69.000000000000000        63.000000000000000      -0.84096646815659259      -0.58094503069809322     
         441           1   1.0000000000000000        61.000000000000000        61.000000000000000        3.4285235639604550        2.3607730252256136     
         442           1   0.0000000000000000        71.000000000000000        70.000000000000000       -2.7610010038540760       -1.8982917880582499     
         443           0        -999        -999        -999  -3.2438005832618906       -2.2335454817651748     
         444           0        -999        -999        -999  -1.9115246409296791       -1.3221005453051555     
         445           0        -999        -999        -999   1.9257956682113244        1.3293083682821154     
         446           1   0.0000000000000000        67.000000000000000        65.000000000000000      -0.19203409748842012      -0.12969692564000518     
         447           1   0.0000000000000000        66.000000000000000        63.000000000000000      -0.28844072741459714      -0.20523749081691631     
         448           1   0.0000000000000000        62.000000000000000        62.000000000000000        2.0499030611032869        1.4159108708908272     
         449           1   0.0000000000000000        59.000000000000000        60.000000000000000        3.2646064311641259        2.2425530816810668     
         450           0        -999        -999        -999 -0.76976116650829907      -0.52903519483419925     
         451           0        -999        -999        -999  -3.2596876878301257       -2.2497793887538404     
         452           1   0.0000000000000000        62.000000000000000        62.000000000000000        1.4820896606926377        1.0201763562973341     
         453           1   0.0000000000000000        68.000000000000000        66.000000000000000       -1.6656319407004088       -1.1477582657975376     
         454           1   0.0000000000000000        67.000000000000000        60.000000000000000      -0.76476002055869141      -0.53924698352325029     
         455           1   0.0000000000000000        74.000000000000000        68.000000000000000       -3.6363763555246411       -2.5032345308447050     
         456           1   0.0000000000000000        69.000000000000000        63.000000000000000      -0.81706006697929667      -0.55696746359771998     
         457           1   0.0000000000000000        60.000000000000000        62.000000000000000        3.3911980724870681        2.3351380496387875     
         458           0        -999        -999        -999  -2.5169812545371726       -1.7418097171146847     
         459           0        -999        -999        -999  -2.1105330625122258       -1.4517857634015627     
         460           1   0.0000000000000000        72.000000000000000        66.000000000000000       -3.0854829092857083       -2.1347231958525943     
         461           1   0.0000000000000000        72.000000000000000        68.000000000000000       -3.0723355355955757       -2.1205157055542281     
         462           1   0.0000000000000000        74.000000000000000        70.000000000000000       -4.6736662134422167       -3.2304287539072205     
         463           1   0.0000000000000000        67.000000000000000        64.000000000000000      -0.46082790681628166      -0.32630785744677338     
         464           1   0.0000000000000000        63.000000000000000        63.000000000000000        1.7182567754952565        1.1845089024871474     
         465           1   0.0000000000000000        65.000000000000000        60.000000000000000        1.6266727692696454        1.1169194156026574     
         466           1   0.0000000000000000        68.000000000000000        67.000000000000000      -0.62245192964262341      -0.42883260351453201     
         467           0        -999        -999        -999  0.80895448457312324       0.54917519338896781     
         468           1   0.0000000000000000        64.000000000000000        62.000000000000000       0.36834328392619675       0.25958434614583514     
         469           0        -999        -999        -999   2.3694996724344897        1.6455980998075672     
         470           0        -999        -999        -999   4.5707662011641316E-002   3.0529396942326547E-002
         471           0        -999        -999        -999   2.4509857698370889        1.6963384196997466     
         472           1   0.0000000000000000        62.000000000000000        62.000000000000000        1.4948204256504394        1.0249033895509516     
         473           1   0.0000000000000000        71.000000000000000        65.000000000000000       0.15994213217303388       0.11037542311135326     
         474           1   1.0000000000000000        59.000000000000000        59.000000000000000        3.7892887704611882        2.6053339204906574     
         475           1   0.0000000000000000        62.000000000000000        62.000000000000000        1.6079395158706709        1.1069938816069946     
         476           1   0.0000000000000000        69.000000000000000        64.000000000000000       -1.8827858672273456E-003  -3.6614573500804103E-003
         477           1   1.0000000000000000        62.000000000000000        62.000000000000000        5.0163091024840138        3.4731592827746378     
         478           1   0.0000000000000000        68.000000000000000        64.000000000000000      -0.12254158052639989       -8.8167306055520367E-002
         479           1   0.0000000000000000        60.000000000000000        62.000000000000000        2.1640909351370836        1.4896196518132974     
         480           0        -999        -999        -999   1.8310761417763348        1.2641741058384564     
         481           0        -999        -999        -999  -3.2989123718437456       -2.2886748836316322     
         482           1   0.0000000000000000        66.000000000000000        63.000000000000000      -0.46137338343026935      -0.31382380865266080     
         483           0        -999        -999        -999 -0.67808316477068198      -0.46478979953839994     
         484           1   0.0000000000000000        73.000000000000000        69.000000000000000       -4.0119464596650936       -2.7550381964755051     
         485           1   0.0000000000000000        61.000000000000000        59.000000000000000        3.4042384537482731        2.3492755831130170     
         486           0        -999        -999        -999  -3.0983834274046420       -2.1393222312135411     
         487           1   0.0000000000000000        63.000000000000000        66.000000000000000      -0.16958698739056635      -0.11783320400925681     
         488           1   0.0000000000000000        62.000000000000000        61.000000000000000        2.3393992824958714        1.6121753218943418     
         489           0        -999        -999        -999  -3.5470856106642832       -2.4405905943415380     
         490           0        -999        -999        -999  -1.3148521492883192      -0.89942194568844169     
         491           1   0.0000000000000000        59.000000000000000        63.000000000000000        2.5809280685031282        1.7855299119469925     
         492           0        -999        -999        -999  -3.0964809489238290       -2.1397633263749869     
         493           1   0.0000000000000000        65.000000000000000        63.000000000000000        9.3210644623362648E-002   7.0168978877343594E-002
         494           0        -999        -999        -999  -3.2994660009671959       -2.2728667638558617     
         495           1   0.0000000000000000        62.000000000000000        64.000000000000000        2.0539594461671604        1.4195094591693884     
         496           1   0.0000000000000000        70.000000000000000        67.000000000000000       -2.5542017738440275       -1.7604705993837473     
         497           1   0.0000000000000000        57.000000000000000        60.000000000000000        5.0648321810952011        3.5061521714365598     
         498           1   0.0000000000000000        65.000000000000000        62.000000000000000        5.5353583557643374E-002   3.9450107810438478E-002
         499           1   0.0000000000000000        60.000000000000000        61.000000000000000        3.1510802397066113        2.1740637606718081     
         500           1   0.0000000000000000        70.000000000000000        67.000000000000000       -1.7513072305426625       -1.2094760621975000     
         501           1   0.0000000000000000        72.000000000000000        67.000000000000000       -2.9567696028789179       -2.0431503424400885     
         502           1   0.0000000000000000        66.000000000000000        65.000000000000000      -0.18825643988981475      -0.12677338954198214     
         503           1   0.0000000000000000        69.000000000000000        64.000000000000000       -1.7480660625937663       -1.2081765083431610     
         504           0        -999        -999        -999 -0.86019607662828934      -0.59072175458143628     
         505           1   0.0000000000000000        62.000000000000000        63.000000000000000        1.5351944842424015        1.0534028282363166     
         506           0        -999        -999        -999 -0.91506421188456788      -0.62950160971931357     
         507           1   0.0000000000000000        68.000000000000000        65.000000000000000      -0.94143110790282380      -0.65549486519943689     
         508           1   0.0000000000000000        67.000000000000000        64.000000000000000      -0.26651903393778065      -0.18990758864902818     
         509           1   0.0000000000000000        55.000000000000000        59.000000000000000        5.3609585846031322        3.7054838289220235     
         510           1   0.0000000000000000        63.000000000000000        62.000000000000000        1.2607039827568016       0.86826468702145687     
         511           1   1.0000000000000000        73.000000000000000        69.000000000000000       -3.4629875944395949       -2.3843127464115867     
         512           1   0.0000000000000000        63.000000000000000        63.000000000000000       0.90742146355653086       0.62622552596318759     
         513           1   0.0000000000000000        68.000000000000000        64.000000000000000       -1.4520924921056095       -1.0129899390862152     
         514           1   1.0000000000000000        65.000000000000000        63.000000000000000       0.78794145414761130       0.53889230809701560     
         515           1   0.0000000000000000        72.000000000000000        69.000000000000000       -3.6905669086172477       -2.5295834032625408     
         516           1   0.0000000000000000        62.000000000000000        62.000000000000000        1.4424955410682438       0.99946631047190404     
         517           1   0.0000000000000000        64.000000000000000        63.000000000000000       0.60245337072159810       0.40713141437222455     
         518           1   0.0000000000000000        62.000000000000000        62.000000000000000        1.9795299586799597        1.3649680710327834     
         519           1   0.0000000000000000        62.000000000000000        62.000000000000000       0.74519710378246795       0.51452508829020838     
         520           1   0.0000000000000000        62.000000000000000        63.000000000000000       0.59050419384586572       0.40881554022810446     
         521           1   0.0000000000000000        58.000000000000000        64.000000000000000        2.7086016718075059        1.8583639561057890     
         522           1   0.0000000000000000        62.000000000000000        62.000000000000000        1.0691065732011951       0.73560851353151335     
         523           1   0.0000000000000000        59.000000000000000        61.000000000000000        3.2162492666803786        2.2258472213442517     
         524           1   1.0000000000000000        68.000000000000000        65.000000000000000      -0.90930556321745670      -0.63315180389851689     
         525           1   1.0000000000000000        72.000000000000000        68.000000000000000       -3.4027222113082627       -2.3492361049549104     
         526           1   0.0000000000000000        62.000000000000000        62.000000000000000       0.52854744852968083       0.35661128487326449     
         527           0        -999        -999        -999  -3.3436651570672598       -2.3036367269676918     
         528           0        -999        -999        -999  -3.0562949796397563       -2.0993903459849421     
         529           1   0.0000000000000000        69.000000000000000        67.000000000000000       -1.5486189309727245       -1.0675910958667501     
         530           1   0.0000000000000000        70.000000000000000        56.000000000000000       -2.7709055751220042       -1.9088654518640547     
         531           0        -999        -999        -999   2.5202438624062613        1.7403659563913996     
         532           1   1.0000000000000000        61.000000000000000        62.000000000000000        2.5934700914249764        1.7867650819552012     
         533           1   0.0000000000000000        59.000000000000000        57.000000000000000        3.8383981160488991        2.6551859421425461     
         534           1   0.0000000000000000        67.000000000000000        66.000000000000000       -1.6760553044805142       -1.1610071573387650     
         535           1   0.0000000000000000        62.000000000000000        62.000000000000000        1.2979418420814601       0.88371245725766134     
         536           1   0.0000000000000000        62.000000000000000        64.000000000000000       0.56075539307820210       0.39281333786563544     
         537           1   0.0000000000000000        69.000000000000000        53.000000000000000       -1.1544374355733167      -0.80144312612966229     
         538           0        -999        -999        -999  -3.9752576117648744       -2.7380069606134576     
         539           1   1.0000000000000000        68.000000000000000        64.000000000000000       -1.6227895069999820       -1.1149851421695984     
         540           0        -999        -999        -999  -1.0836162568216607      -0.75393435167049316     
         541           0        -999        -999        -999  -3.2164503892434952       -2.2104453040948941     
         542           0        -999        -999        -999   2.4007864204849096        1.6540398211479113     
         543           1   0.0000000000000000        65.000000000000000        65.000000000000000       -5.0156343204983980E-002  -2.9930109091252849E-002
         544           1   0.0000000000000000        59.000000000000000        60.000000000000000        3.7583392390085724        2.5888720736874973     
         545           1   0.0000000000000000        62.000000000000000        59.000000000000000        2.1291246682863672        1.4771476722109074     
         546           1   0.0000000000000000        67.000000000000000        62.000000000000000      -0.26329015439739245      -0.18228294534870546     
         547           1   0.0000000000000000        57.000000000000000        63.000000000000000        3.2474419852821730        2.2359842540101975     
         548           1   0.0000000000000000        70.000000000000000        68.000000000000000       -2.0993305947402754       -1.4457307040661524     
         549           0        -999        -999        -999   1.9937576538997195        1.3729501703987648     
         550           1   0.0000000000000000        68.000000000000000        66.000000000000000       -1.0616435765841288      -0.72746218463166767     
         551           0        -999        -999        -999  -4.2638870856709818       -2.9408846415908640     
         552           1   0.0000000000000000        69.000000000000000        67.000000000000000       -2.0875876301590521       -1.4331098707956584     
         553           1   0.0000000000000000        61.000000000000000        58.000000000000000        2.9500191828292772        2.0346454723244842     
         554           1   0.0000000000000000        72.000000000000000        68.000000000000000       -3.2812117847135100       -2.2681002915684689     
         555           1   0.0000000000000000        69.000000000000000        64.000000000000000       -1.7369378909533411       -1.1975984565238991     
         556           1   0.0000000000000000        69.000000000000000        64.000000000000000      -0.74202164763850564      -0.50819345734535448     
         557           1   0.0000000000000000        69.000000000000000        67.000000000000000       -1.1548092403839048      -0.79579817315987444     
         558           1   0.0000000000000000        58.000000000000000        60.000000000000000        3.7733224704790258        2.5950722681067742     
         559           1   0.0000000000000000        60.000000000000000        63.000000000000000        1.1937839795671359       0.82715510261110681     
         560           1   0.0000000000000000        62.000000000000000        62.000000000000000        1.2993179812595641       0.90915818529276382     
         561           1   0.0000000000000000        72.000000000000000        69.000000000000000       -3.4494902675359445       -2.3715069930208710     
         562           1   0.0000000000000000        56.000000000000000        57.000000000000000        5.6664896440260497        3.9192851967004891     
         563           1   0.0000000000000000        70.000000000000000        68.000000000000000       -2.8403391475108144       -1.9510934104622348     
         564           1   0.0000000000000000        65.000000000000000        62.000000000000000       0.27213279379405525       0.19699742855879787     
         565           1   0.0000000000000000        62.000000000000000        59.000000000000000        2.4036680622716373        1.6551967729671793     
         566           1   0.0000000000000000        74.000000000000000        69.000000000000000       -4.1650246743022930       -2.8677293401266031     
         567           1   0.0000000000000000        70.000000000000000        63.000000000000000       -1.5862139235689963       -1.0851941605148219     
         568           0        -999        -999        -999 -0.95015150958546302      -0.66830490668004028     
         569           0        -999        -999        -999  -1.0582131118393827      -0.73607774713966689     
         570           1   0.0000000000000000        72.000000000000000        68.000000000000000       -3.7289682318950708       -2.5723173666963874     
         571           1   1.0000000000000000        61.000000000000000        61.000000000000000        2.5745119088394670        1.7737435777034498     
         572           1   0.0000000000000000        62.000000000000000        62.000000000000000        1.1818455559424499       0.81543275778255475     
         573           1   0.0000000000000000        70.000000000000000        67.000000000000000       -2.3077730443201858       -1.5797926401872271     
         574           1   0.0000000000000000        55.000000000000000        60.000000000000000        5.0747597703977760        3.5001479910879016     
         575           1   0.0000000000000000        66.000000000000000        63.000000000000000       0.11417261511178045        8.3222703087260139E-002
         576           1   1.0000000000000000        62.000000000000000        62.000000000000000        1.8883535568909557        1.2960903723816111     
         577           1   0.0000000000000000        63.000000000000000        63.000000000000000        1.1275179022076052       0.78181660995044400     
         578           1   0.0000000000000000        58.000000000000000        61.000000000000000        3.6083900129361610        2.4820578523591212     
         579           1   0.0000000000000000        63.000000000000000        62.000000000000000        2.0010388909027235        1.3685755377109212     
         580           1   0.0000000000000000        67.000000000000000        60.000000000000000       0.70907704327557153       0.48974766526080993     
         581           0        -999        -999        -999 -0.85232378128378727      -0.59468808395548101     
         582           1   0.0000000000000000        64.000000000000000        58.000000000000000       0.52647907828688478       0.35812894806542472     
         583           1   0.0000000000000000        70.000000000000000        64.000000000000000       -1.5312811307342529       -1.0467880253343775     
         584           0        -999        -999        -999   1.0765656276283619       0.73937774145097346     
         585           1   0.0000000000000000        63.000000000000000        61.000000000000000       0.95391533246935578       0.65186615629650912     
         586           1   0.0000000000000000        70.000000000000000        62.000000000000000       -1.5671843495881062       -1.0853729008740780     
         587           1   0.0000000000000000        69.000000000000000        67.000000000000000       -1.2042315984933298      -0.83076022793838278     
         588           1   0.0000000000000000        69.000000000000000        65.000000000000000       -1.8611744404475572       -1.2914512043681816     
         589           1   0.0000000000000000        67.000000000000000        62.000000000000000      -0.49040640082164194      -0.34151636093442783     
         590           1   0.0000000000000000        69.000000000000000        67.000000000000000       -2.3461285964016954       -1.6186140515325989     
         591           0        -999        -999        -999   2.8741499241389521        2.0021371491823432     
         592           1   0.0000000000000000        68.000000000000000        65.000000000000000       -1.5924076564285032       -1.1030296267797493     
         593           1   0.0000000000000000        73.000000000000000        69.000000000000000       -2.8276888704269534       -1.9507832372272929     
         594           0        -999        -999        -999 -0.46906777097877184      -0.31125832141837118     
         595           1   0.0000000000000000        62.000000000000000        62.000000000000000        1.0750327589050022       0.74927277458689256     
         596           1   0.0000000000000000        70.000000000000000        68.000000000000000       -3.5336475366795117       -2.4381552165284330     
         597           1   0.0000000000000000        61.000000000000000        62.000000000000000        2.1378158257640778        1.4783697911159055     
         598           0        -999        -999        -999  0.29796598344444897       0.21240506830376191     
         599           0        -999        -999        -999 -0.74132640629440327      -0.51418201846986478     
         600           1   0.0000000000000000        72.000000000000000        70.000000000000000       -4.3816946752454360       -3.0264371558017804     
         601           0        -999        -999        -999 -0.38958794558521470      -0.27349142514249519     
         602           1   1.0000000000000000        68.000000000000000        65.000000000000000      -0.91903568944070257      -0.63502792270673514     
         603           1   0.0000000000000000        60.000000000000000        58.000000000000000        3.1166078429478392        2.1478964694224718     
         604           1   0.0000000000000000        67.000000000000000        64.000000000000000      -0.46294842912279999      -0.31360577322283362     
