           1           1   1.0000000000000000        71.000000000000000        66.000000000000000       -2.2721267174315001      -0.84250434919776696     
           2           1   0.0000000000000000        70.000000000000000        67.000000000000000       -1.5076757364736704      -0.83678992264946883     
           3           1   0.0000000000000000        66.000000000000000        66.000000000000000       -1.0535697577826020      -0.84681326080071795     
           4           0        -999        -999        -999   1.3570769944193060       0.88548817876449282     
           5           1   0.0000000000000000        62.000000000000000        62.000000000000000        2.0101953508772117       0.55654197365522284     
           6           1   0.0000000000000000        72.000000000000000        64.000000000000000       -2.4785106209230130       -1.0772069285461741     
           7           0        -999        -999        -999 -0.98657014486160333      -0.71567349595526042     
           8           1   0.0000000000000000        65.000000000000000        62.000000000000000       0.56222744071192665       0.82563413660221041     
           9           1   0.0000000000000000        67.000000000000000        65.000000000000000      -0.30748601173695450      -0.23330369108683105     
          10           0        -999        -999        -999  0.44311731225673662       0.35684955335980001     
          11           1   0.0000000000000000        62.000000000000000        62.000000000000000        2.2781502083956284       0.45337906673724698     
          12           1   0.0000000000000000        65.000000000000000        65.000000000000000      -0.30389927209085271      -0.22080097993527845     
          13           1   0.0000000000000000        69.000000000000000        65.000000000000000       -2.5303649512228290       -1.3399551500521631     
          14           1   0.0000000000000000        70.000000000000000        67.000000000000000       -1.4199344743379354      -0.69732284425794422     
          15           1   0.0000000000000000        63.000000000000000        62.000000000000000        2.1694407365603889        1.1282341807952074     
          16           1   0.0000000000000000        68.000000000000000        67.000000000000000       -1.2804548735366357      -0.37687510683997055     
          17           1   0.0000000000000000        62.000000000000000        63.000000000000000        1.6753667420351366       0.31104303072169276     
          18           1   1.0000000000000000        61.000000000000000        62.000000000000000        2.3569199416096094       0.85657448468733255     
          19           0        -999        -999        -999 -0.40130287002011322      -0.22648584180446779     
          20           1   0.0000000000000000        60.000000000000000        63.000000000000000        1.9175799001988942        1.0045927907973433     
          21           1   1.0000000000000000        62.000000000000000        60.000000000000000        1.7351451206409672       0.74068486480140794     
          22           1   0.0000000000000000        71.000000000000000        66.000000000000000       -1.8255142904724817      -0.37494108080855432     
          23           1   0.0000000000000000        60.000000000000000        63.000000000000000        2.3048146097993922       0.97874230313320876     
          24           1   0.0000000000000000        71.000000000000000        66.000000000000000       -2.7090818357377566       -1.2616237380571733     
          25           0        -999        -999        -999  -2.0202431246677413       -1.1422809296716403     
          26           1   0.0000000000000000        69.000000000000000        66.000000000000000       -1.0383436079958395      -0.62470433928041469     
          27           1   0.0000000000000000        62.000000000000000        62.000000000000000        2.3419124125961073        1.1248834035684556     
          28           1   0.0000000000000000        63.000000000000000        62.000000000000000        1.7331418848587388       0.69564770213391924     
          29           1   0.0000000000000000        63.000000000000000        63.000000000000000       0.55457641428221804       0.40362927665519022     
          30           1   1.0000000000000000        63.000000000000000        63.000000000000000        1.6836298087822295       0.81433613277199346     
          31           1   0.0000000000000000        68.000000000000000        64.000000000000000      -0.57432344453567641       -1.6599667107943805E-004
          32           1   0.0000000000000000        68.000000000000000        67.000000000000000       -1.0521046589328980      -0.96324324647328463     
          33           1   0.0000000000000000        70.000000000000000        66.000000000000000       -2.3567654392160069      -0.90139458635929737     
          34           1   0.0000000000000000        62.000000000000000        63.000000000000000        1.6265724974607836       0.83842539043949627     
          35           0        -999        -999        -999   1.9827557448664417        1.0890038207359816     
          36           0        -999        -999        -999  0.40990429869782297       0.45212571784061334     
          37           1   0.0000000000000000        73.000000000000000        66.000000000000000       -2.8356422395523562       -1.1663901849769089     
          38           1   0.0000000000000000        63.000000000000000        62.000000000000000        1.6985110676065802       0.84942249307793427     
          39           0        -999        -999        -999 -0.88707444986193396      -0.44516996287723054     
          40           1   0.0000000000000000        62.000000000000000        64.000000000000000        2.2849937613895488        1.1367411051459424     
          41           1   0.0000000000000000        71.000000000000000        65.000000000000000      -0.65809079782566915      -0.67421731937929463     
          42           0        -999        -999        -999   1.2390330489285055       0.88468404464905859     
          43           1   0.0000000000000000        69.000000000000000        65.000000000000000       -1.8070589768705176      -0.70767846639719101     
          44           1   0.0000000000000000        62.000000000000000        63.000000000000000        1.9642468102833823       0.89289011145613928     
          45           1   0.0000000000000000        69.000000000000000        66.000000000000000       -1.3038088641915593      -0.72564615966057544     
          46           1   0.0000000000000000        70.000000000000000        67.000000000000000       -1.8037523896104894       -1.0438771754499698     
          47           0        -999        -999        -999 -0.53845358902347640      -0.28047452187012956     
          48           1   0.0000000000000000        62.000000000000000        62.000000000000000        2.4013043134626626       0.88776755868614532     
          49           0        -999        -999        -999   1.6282196439812440       0.82740290407855510     
          50           0        -999        -999        -999  -1.7833083175585147      -0.96477325503870759     
          51           1   0.0000000000000000        63.000000000000000        64.000000000000000       0.73914257814088746       0.32138484183350391     
          52           1   0.0000000000000000        70.000000000000000        67.000000000000000       -2.0546647692430464       -1.0853030614609998     
          53           1   0.0000000000000000        64.000000000000000        62.000000000000000        1.4856861357005153       0.70299682207650760     
          54           1   0.0000000000000000        71.000000000000000        64.000000000000000       -2.4146091710456470      -0.16966786202937645     
          55           1   0.0000000000000000        71.000000000000000        67.000000000000000       -2.5591129752671140      -0.94484015246397091     
          56           1   0.0000000000000000        68.000000000000000        65.000000000000000       -1.7014785704672979      -0.92915736749788980     
          57           0        -999        -999        -999  -1.5238466461901308      -0.99694477183691244     
          58           1   0.0000000000000000        62.000000000000000        63.000000000000000        2.1877747449602465       0.78236598515843481     
          59           1   0.0000000000000000        60.000000000000000        63.000000000000000        2.7729410916752779        1.0187621269420206     
          60           1   0.0000000000000000        60.000000000000000        62.000000000000000        1.8851225674093877        1.1091162710618638     
          61           0        -999        -999        -999  -1.2835910013624092      -0.72535917929464788     
          62           1   0.0000000000000000        72.000000000000000        67.000000000000000       -2.4555170144974472      -0.80627739690252787     
          63           1   0.0000000000000000        62.000000000000000        64.000000000000000        1.4474035986777480       0.74196678958467932     
          64           1   0.0000000000000000        62.000000000000000        62.000000000000000        2.0763657159851014       0.71369759834929725     
          65           0        -999        -999        -999   1.3486106761974264       0.75870281438498044     
          66           1   0.0000000000000000        64.000000000000000        65.000000000000000      -0.52512943179474048      -0.28576917049068012     
          67           0        -999        -999        -999  0.19295305568609591       -4.4787212227427452E-002
          68           1   0.0000000000000000        66.000000000000000        63.000000000000000      -0.26729987091229579      -0.15707719219621852     
          69           1   0.0000000000000000        71.000000000000000        65.000000000000000       -1.6860065023136537      -0.62018160542851652     
          70           1   0.0000000000000000        62.000000000000000        63.000000000000000        1.6809153436026023       0.83465338644635889     
          71           1   0.0000000000000000        69.000000000000000        68.000000000000000       -2.3270358779791231      -0.89808996425262100     
          72           1   0.0000000000000000        70.000000000000000        66.000000000000000       -1.7727775563299439      -0.54941171314311499     
          73           1   0.0000000000000000        64.000000000000000        68.000000000000000        9.4986548112542729E-002  -4.1345380429963920E-002
          74           0        -999        -999        -999 -0.99915491142943724      -0.55094750556363248     
          75           1   0.0000000000000000        65.000000000000000        65.000000000000000       0.44668815386264449        8.0482241495153511E-002
          76           1   0.0000000000000000        69.000000000000000        65.000000000000000       -2.5771103018302828      -0.95035558605165460     
          77           0        -999        -999        -999  -1.4484252358902010      -0.76856924459117137     
          78           1   0.0000000000000000        70.000000000000000        65.000000000000000       -2.1084648077917496      -0.91733480500883968     
          79           1   0.0000000000000000        62.000000000000000        62.000000000000000        1.6213823572572335       0.68472220433169240     
          80           1   0.0000000000000000        70.000000000000000        66.000000000000000       -1.1708819423050743      -0.11458626159606564     
          81           1   0.0000000000000000        62.000000000000000        63.000000000000000        1.3505394927595342       0.89589914045808017     
          82           1   0.0000000000000000        71.000000000000000        67.000000000000000       -2.5860293493367874       -1.4017143962305585     
          83           0        -999        -999        -999  -3.3780231891436377E-002  0.20189492778738979     
          84           1   0.0000000000000000        63.000000000000000        65.000000000000000       0.51783683875963782       0.15530121857784615     
          85           1   0.0000000000000000        62.000000000000000        62.000000000000000        2.7146373423444312        1.5194176152165944     
          86           1   0.0000000000000000        65.000000000000000        63.000000000000000       -1.4176732948072708E-002  0.18999030845351578     
          87           0        -999        -999        -999  0.12948106231920808        3.2635161366375051E-002
          88           0        -999        -999        -999 -0.28644358574419349      -0.23236900717659639     
          89           0        -999        -999        -999  0.74486900570607195       0.23833286183073199     
          90           1   0.0000000000000000        62.000000000000000        62.000000000000000        1.6319767296275853       0.97726000506264010     
          91           1   0.0000000000000000        61.000000000000000        64.000000000000000        1.6091300975824401       0.70978447837423464     
          92           1   0.0000000000000000        58.000000000000000        79.000000000000000        1.8377947710130209       0.98660546186366327     
          93           1   0.0000000000000000        63.000000000000000        64.000000000000000       -5.2521828301626813E-002   1.0380922950635172     
          94           1   0.0000000000000000        59.000000000000000        65.000000000000000        2.3156458524895358        1.0450753517698010     
          95           0        -999        -999        -999  -1.7651487420032768       -1.1675496395041591     
          96           0        -999        -999        -999 -0.21015427616581547      -0.10565339219663052     
          97           1   1.0000000000000000        68.000000000000000        67.000000000000000       -7.4583453641365635E-002   2.8742596951850597E-002
          98           1   0.0000000000000000        64.000000000000000        64.000000000000000       0.97940426608215192       0.23414382642258577     
          99           1   1.0000000000000000        69.000000000000000        67.000000000000000       -1.8481736575289724      -0.85800740481647875     
         100           1   0.0000000000000000        71.000000000000000        66.000000000000000       -1.9377977887511619      -0.83713854598857240     
         101           0        -999        -999        -999 -0.45467255798227701      -0.47911090572939158     
         102           1   0.0000000000000000        67.000000000000000        67.000000000000000      -0.89877746155591853       0.27640655723309104     
         103           1   0.0000000000000000        71.000000000000000        65.000000000000000       -1.8813955065209558      -0.93354635115815943     
         104           1   0.0000000000000000        67.000000000000000        65.000000000000000       0.37376325178185771        7.4008464402184268E-002
         105           0        -999        -999        -999 -0.23735920413769607       -7.4781522563613978E-002
         106           1   0.0000000000000000        68.000000000000000        62.000000000000000       -8.2906098952557947E-002  -2.6238076581620487E-002
         107           0        -999        -999        -999   1.6536608650451818        1.2121490253343525     
         108           1   0.0000000000000000        59.000000000000000        64.000000000000000        3.2834961846424982        1.1138325833903553     
         109           1   0.0000000000000000        70.000000000000000        65.000000000000000       -2.0424615601445599      -0.80146599656165363     
         110           0        -999        -999        -999  0.29366137878658655       0.36673048038440120     
         111           0        -999        -999        -999  -2.1998589398595572       -1.3287796249702857     
         112           0        -999        -999        -999   1.0618429397284970       0.79500940520937402     
         113           1   0.0000000000000000        70.000000000000000        64.000000000000000       -1.2456953207114327        3.5306129140677288E-002
         114           1   0.0000000000000000        70.000000000000000        69.000000000000000      -0.76959616009967224      -0.15631758932886533     
         115           0        -999        -999        -999  -1.5506026848059786      -0.98599792590491930     
         116           1   0.0000000000000000        72.000000000000000        65.000000000000000       -2.5110058000266102       -1.0389200547366344     
         117           1   0.0000000000000000        60.000000000000000        64.000000000000000        2.8216059458906635       0.96766812650638012     
         118           1   0.0000000000000000        60.000000000000000        61.000000000000000        3.0829347015090161        1.7444883117709467     
         119           1   0.0000000000000000        64.000000000000000        62.000000000000000        1.6460184037140835       0.84862604067864222     
         120           1   1.0000000000000000        63.000000000000000        64.000000000000000        1.7322863141218505       0.63854125271420625     
         121           1   0.0000000000000000        72.000000000000000        64.000000000000000       -2.6535641589439676      -0.81227433168043850     
         122           0        -999        -999        -999  0.89206595598639682        1.0019135355580855     
         123           1   0.0000000000000000        72.000000000000000        66.000000000000000       -1.8962183901724006      -0.71502338576748670     
         124           1   0.0000000000000000        62.000000000000000        65.000000000000000       0.76921235424792966       0.15269276544768501     
         125           0        -999        -999        -999 -0.16790780346259068       -9.0061095562863749E-002
         126           1   0.0000000000000000        67.000000000000000        65.000000000000000       -8.3526187717552866E-002  -1.1491163128074810E-003
         127           0        -999        -999        -999  -1.9478882895710654      -0.93032844923611224     
         128           1   0.0000000000000000        72.000000000000000        65.000000000000000       -2.9267106215866745      -0.39012352580647019     
         129           1   0.0000000000000000        66.000000000000000        65.000000000000000       0.66265599205268078      -0.31198434527361385     
         130           1   0.0000000000000000        65.000000000000000        64.000000000000000       0.51559171667638970       0.31481230716440378     
         131           0        -999        -999        -999 -0.80672430716882249      -0.31083097942311499     
         132           0        -999        -999        -999  0.32335739778425593       0.34653079814818383     
         133           1   0.0000000000000000        68.000000000000000        69.000000000000000       -1.4413518563396643      -0.79784491676065050     
         134           1   0.0000000000000000        62.000000000000000        62.000000000000000        2.2188166352060388       0.79992422602503044     
         135           0        -999        -999        -999  -1.3435880576039450      -0.86693971618201826     
         136           1   0.0000000000000000        80.000000000000000        73.000000000000000        1.9641013098340116E-002   6.5045541842952571E-003
         137           1   0.0000000000000000        71.000000000000000        66.000000000000000       -1.9475011974533154       -1.1305041309679298     
         138           1   0.0000000000000000        71.000000000000000        66.000000000000000       -1.3641025622157017      -0.65615821036975719     
         139           1   0.0000000000000000        62.000000000000000        63.000000000000000        1.2977412038791494       0.72059751900699309     
         140           0        -999        -999        -999   1.6600554672811247        1.0528720548212398     
         141           1   0.0000000000000000        69.000000000000000        64.000000000000000       -2.2053062056455919      -0.83212240112141378     
         142           1   0.0000000000000000        62.000000000000000        64.000000000000000        3.2831435615819657        1.1043078927505408     
         143           1   0.0000000000000000        61.000000000000000        62.000000000000000        2.9697542212127921        1.3858608567726893     
         144           1   0.0000000000000000        62.000000000000000        62.000000000000000        1.8821324435713636       0.72144827511372855     
         145           1   0.0000000000000000        61.000000000000000        63.000000000000000        2.4290192848611043       0.86257527330673112     
         146           1   0.0000000000000000        71.000000000000000        65.000000000000000       -1.6937622521252420      -0.42625686041261213     
         147           1   0.0000000000000000        69.000000000000000        66.000000000000000       -1.7610262412015638      -0.89843652741417956     
         148           1   0.0000000000000000        69.000000000000000        66.000000000000000       -1.4127873713316763      -0.61814758873685216     
         149           1   0.0000000000000000        62.000000000000000        64.000000000000000        1.7505074776654661        8.5919930254191798E-002
         150           1   1.0000000000000000        71.000000000000000        66.000000000000000       -2.7889294937340736      -0.78691853427344172     
         151           1   0.0000000000000000        65.000000000000000        63.000000000000000       -4.6941634257718093E-002  -4.5479931763893373E-003
         152           1   1.0000000000000000        62.000000000000000        63.000000000000000        1.6498114741873153       0.68447438037065755     
         153           1   0.0000000000000000        60.000000000000000        62.000000000000000        2.8288707914752149        1.5921493653672831     
         154           0        -999        -999        -999  -1.4911417682609622      -0.76805635384858040     
         155           1   0.0000000000000000        71.000000000000000        65.000000000000000       -2.1661624344120143       -1.0655675937646878     
         156           1   0.0000000000000000        73.000000000000000        67.000000000000000       -2.6857331791220984      -0.70721081239027872     
         157           0        -999        -999        -999 -0.94067638608265947      -0.85281144731329095     
         158           0        -999        -999        -999  -2.5062841890526899       -1.2473357734553776     
         159           0        -999        -999        -999 -0.57876187892802056      -0.28094872153369466     
         160           0        -999        -999        -999 -0.81586831210098876      -0.81936425634858623     
         161           1   0.0000000000000000        61.000000000000000        62.000000000000000        2.6075974690863641        1.4224050562149730     
         162           1   0.0000000000000000        69.000000000000000        64.000000000000000       -1.8772832049244419      -0.83981620214053987     
         163           1   0.0000000000000000        62.000000000000000        63.000000000000000        2.0057682587112704        1.0480138096129996     
         164           1   0.0000000000000000        72.000000000000000        65.000000000000000       -2.3015282675341786      -0.86905154950984997     
         165           0        -999        -999        -999  0.14663959400278256      -0.14165906489241237     
         166           1   0.0000000000000000        64.000000000000000        63.000000000000000        2.3997402321731265        1.2684469303424120     
         167           1   1.0000000000000000        69.000000000000000        66.000000000000000       -1.5944650613253046      -0.87030770494620668     
         168           0        -999        -999        -999 -0.66867800380808373      -0.55429723018278843     
         169           1   0.0000000000000000        70.000000000000000        65.000000000000000       -2.0628933123901443      -0.78000357861402692     
         170           1   0.0000000000000000        67.000000000000000        65.000000000000000      -0.47242867827701057      -0.70181362978271467     
         171           1   0.0000000000000000        65.000000000000000        64.000000000000000      -0.40333494666002800        5.4008700291569678E-002
         172           1   0.0000000000000000        67.000000000000000        67.000000000000000       -1.1429927052805788       -1.0557469118905907     
         173           1   0.0000000000000000        69.000000000000000        66.000000000000000       -2.1123287285900090       -1.0071926883072291     
         174           1   0.0000000000000000        63.000000000000000        62.000000000000000        2.7585833538835596        1.0190069981255652     
         175           1   1.0000000000000000        64.000000000000000        63.000000000000000       0.26615475199902838        9.4985367269992155E-002
         176           0        -999        -999        -999  -1.1590429448148802      -0.63558347777549118     
         177           1   0.0000000000000000        64.000000000000000        67.000000000000000       -7.6202105850584068E-004  -1.4713449103764081E-002
         178           1   1.0000000000000000        62.000000000000000        62.000000000000000        2.4273070436981676       0.93220545796644871     
         179           1   0.0000000000000000        64.000000000000000        65.000000000000000       0.23046972114799943        7.9284621004541006E-002
         180           1   0.0000000000000000        61.000000000000000        62.000000000000000        1.9468030224586861       0.90365145634252853     
         181           1   0.0000000000000000        65.000000000000000        67.000000000000000      -0.95982926522228895      -0.55020416191260146     
         182           1   0.0000000000000000        62.000000000000000        62.000000000000000        1.2765426058492522       0.93778641548644248     
         183           0        -999        -999        -999 -0.78234897733578534      -0.23041376747270079     
         184           0        -999        -999        -999 -0.79087553299085245      -0.39470737770548375     
         185           0        -999        -999        -999  0.65580182195702652       0.40640561882597448     
         186           0        -999        -999        -999   1.4821148991883626       0.85098141417854389     
         187           1   0.0000000000000000        68.000000000000000        66.000000000000000       -1.7546609662999639      -0.98842065700372894     
         188           1   0.0000000000000000        67.000000000000000        65.000000000000000       -1.1072718849957075      -0.69497436084946851     
         189           0        -999        -999        -999 -0.15049821659614432      -0.20403407711611726     
         190           1   0.0000000000000000        62.000000000000000        67.000000000000000        2.0160231353875604        1.3791473777114076     
         191           1   0.0000000000000000        70.000000000000000        67.000000000000000       -1.6290640725446834      -0.95864643034343200     
         192           1   0.0000000000000000        62.000000000000000        63.000000000000000        2.5255147981718711       0.45937076852061987     
         193           1   0.0000000000000000        63.000000000000000        62.000000000000000        1.9526190836557185        1.0105608311573251     
         194           1   0.0000000000000000        71.000000000000000        65.000000000000000       -1.8872985951700028      -0.13114421858560724     
         195           1   0.0000000000000000        71.000000000000000        65.000000000000000       -2.2623888108912658       -1.0885041704181995     
         196           1   0.0000000000000000        62.000000000000000        62.000000000000000        1.2621971039787623        1.1292731138261862     
         197           1   0.0000000000000000        61.000000000000000        64.000000000000000        1.9235775397230017        1.0010274684680978     
         198           1   1.0000000000000000        66.000000000000000        63.000000000000000       -1.3006679620763868      -0.58918115448764874     
         199           0        -999        -999        -999  -1.4867833856069179      -0.85438974937502221     
         200           1   0.0000000000000000        58.000000000000000        64.000000000000000        3.4116225710885804       0.67835863346476943     
         201           1   0.0000000000000000        62.000000000000000        62.000000000000000        1.7550903067405870       0.79686922244655956     
         202           1   1.0000000000000000        68.000000000000000        64.000000000000000      -0.56339787401371777      -0.13283332411697160     
         203           1   0.0000000000000000        69.000000000000000        67.000000000000000       -1.9680760171737246       -1.1066941979777281     
         204           1   1.0000000000000000        62.000000000000000        62.000000000000000        1.9093854172567089       0.92928320283641386     
         205           0        -999        -999        -999  0.94279095215798747       0.83216772587242327     
         206           1   0.0000000000000000        62.000000000000000        64.000000000000000        1.9545327767633374       0.51299731266410187     
         207           1   0.0000000000000000        63.000000000000000        64.000000000000000       0.91303874847815536       0.41944891965749515     
         208           1   0.0000000000000000        66.000000000000000        64.000000000000000       -9.4170218941819379E-003   2.1967984969907182E-002
         209           1   0.0000000000000000        61.000000000000000        62.000000000000000        2.1791925683122484        1.1884657507983147     
         210           1   0.0000000000000000        64.000000000000000        65.000000000000000       -7.4185925955249199E-002 -0.26133051541572344     
         211           1   1.0000000000000000        70.000000000000000        67.000000000000000       -1.9236014840425764       -1.2300313089976478     
         212           1   0.0000000000000000        70.000000000000000        65.000000000000000       -2.1595019934219666       -1.0478190043692459     
         213           1   0.0000000000000000        62.000000000000000        62.000000000000000       0.94423669899239659       0.69215632992674547     
         214           1   0.0000000000000000        67.000000000000000        66.000000000000000      -0.22122374585888682      -0.66998779737480818     
         215           1   0.0000000000000000        69.000000000000000        65.000000000000000       -2.1506065155499652       -1.2422303150657832     
         216           1   0.0000000000000000        71.000000000000000        65.000000000000000       -3.0507789270190728       -1.3675831134639942     
         217           1   1.0000000000000000        65.000000000000000        64.000000000000000       0.14124994031021051       0.11814127296234753     
         218           1   0.0000000000000000        60.000000000000000        63.000000000000000        2.3628289274994256        1.3195512611059299     
         219           1   0.0000000000000000        62.000000000000000        67.000000000000000       0.56335347066587671       0.83992800109505039     
         220           1   1.0000000000000000        71.000000000000000        68.000000000000000       -3.5946990449449872       -1.3303509609877218     
         221           1   1.0000000000000000        62.000000000000000        62.000000000000000        2.2166887748349309       0.79173529682035815     
         222           1   0.0000000000000000        65.000000000000000        64.000000000000000      -0.33801362394047885      -0.13686827614577457     
         223           1   0.0000000000000000        62.000000000000000        62.000000000000000        2.0552862861248049        1.2388331457870110     
         224           1   0.0000000000000000        68.000000000000000        66.000000000000000       -1.7239319177788088      -0.75047853749200966     
         225           1   0.0000000000000000        63.000000000000000        63.000000000000000       0.30555113084146679       0.27973463029514689     
         226           0        -999        -999        -999  -1.2355043763356843      -0.57156306530370249     
         227           0        -999        -999        -999  0.56357553362628809       0.39484217439910568     
         228           1   0.0000000000000000        67.000000000000000        65.000000000000000       0.98285172958246503       0.55400258666127411     
         229           1   0.0000000000000000        64.000000000000000        62.000000000000000       -3.0853008067580047E-002   6.0489759478108300E-002
         230           0        -999        -999        -999  -1.3384777528918650      -0.78365461512731027     
         231           1   0.0000000000000000        62.000000000000000        62.000000000000000        1.3416378147413501       0.80523569782412552     
         232           0        -999        -999        -999  -1.1531866479454922      -0.64222124739606601     
         233           1   0.0000000000000000        68.000000000000000        64.000000000000000      -0.83407134963292473      -0.60846568820865821     
         234           1   0.0000000000000000        65.000000000000000        65.000000000000000       0.17083073042259703        7.7960655507479937E-002
         235           1   0.0000000000000000        70.000000000000000        68.000000000000000       -2.4409258006269572       -1.4826216094929179     
         236           1   0.0000000000000000        72.000000000000000        66.000000000000000       -3.0662033212345170       -1.3816015226828966     
         237           1   0.0000000000000000        57.000000000000000        62.000000000000000        3.0265026160408968        1.5252743534138975     
         238           1   0.0000000000000000        62.000000000000000        63.000000000000000        1.8615684024412129        1.1176347098898394     
         239           1   0.0000000000000000        56.000000000000000        64.000000000000000        2.6708897360128208       0.74413008701904970     
         240           1   0.0000000000000000        72.000000000000000        65.000000000000000       -3.2272661038171457       -1.2624143023616483     
         241           1   0.0000000000000000        73.000000000000000        65.000000000000000       -3.8301908575337409      -0.90303703618527209     
         242           0        -999        -999        -999 -0.70159284481532225      -0.60542880490322348     
         243           0        -999        -999        -999 -0.40050486386979989      -0.13483773305684479     
         244           1   0.0000000000000000        71.000000000000000        65.000000000000000       -2.1813766503779881      -0.92208883474144843     
         245           0        -999        -999        -999   1.3987647559106597       0.85746386627621973     
         246           0        -999        -999        -999 -0.81080302201796972       -9.9525775724184945E-002
         247           1   0.0000000000000000        62.000000000000000        62.000000000000000        2.0218844657025108       0.82623893549671745     
         248           1   0.0000000000000000        62.000000000000000        62.000000000000000        2.4538409689667926        1.0906254635984713     
         249           1   0.0000000000000000        67.000000000000000        64.000000000000000       0.71923773233241850      -0.36152258319686598     
         250           1   0.0000000000000000        68.000000000000000        68.000000000000000       -1.4008576804115349      -0.72927094431705985     
         251           1   0.0000000000000000        61.000000000000000        62.000000000000000        2.4418691364427376        1.2358455840347242     
         252           1   0.0000000000000000        62.000000000000000        63.000000000000000        1.5910969446683521        7.7386007554668734E-002
         253           1   0.0000000000000000        68.000000000000000        67.000000000000000       -1.1359131850526465      -0.51404812401262046     
         254           0        -999        -999        -999   1.0583494127555459       0.89132182763174550     
         255           1   0.0000000000000000        68.000000000000000        64.000000000000000       -1.1947527260943152       0.21814040477900101     
         256           0        -999        -999        -999  -1.2106354167063826      -0.96387746632248483     
         257           1   0.0000000000000000        62.000000000000000        63.000000000000000        1.4273468052436140       0.68646374618197770     
         258           1   0.0000000000000000        63.000000000000000        62.000000000000000        1.3344138361640372        1.0857619823031082     
         259           1   1.0000000000000000        67.000000000000000        65.000000000000000      -0.22378615708116492       0.24260868734663485     
         260           1   0.0000000000000000        68.000000000000000        65.000000000000000       -2.2163697854696731       -1.0794441621039339     
         261           1   0.0000000000000000        62.000000000000000        62.000000000000000        1.4991337827650599       0.44079115560429005     
         262           1   0.0000000000000000        63.000000000000000        64.000000000000000        1.1592482777434112      -0.37019004635059571     
         263           1   0.0000000000000000        62.000000000000000        62.000000000000000        1.7491505241227594        1.1962908499608087     
         264           1   0.0000000000000000        72.000000000000000        66.000000000000000       -1.9624019295951718      -0.96866630777853391     
         265           1   0.0000000000000000        61.000000000000000        63.000000000000000        2.3194455206443920       0.92728683341943130     
         266           1   0.0000000000000000        72.000000000000000        65.000000000000000       -3.2176084981780524       -1.4207920480423235     
         267           1   0.0000000000000000        62.000000000000000        62.000000000000000        2.3611821058716265        1.2043024112636678     
         268           1   0.0000000000000000        63.000000000000000        63.000000000000000       0.11366609072166707       0.72406380308873475     
         269           1   0.0000000000000000        65.000000000000000        62.000000000000000        2.0282737089213829        1.2731582690755607     
         270           1   0.0000000000000000        62.000000000000000        62.000000000000000        2.5232075522388446       0.94608818447908338     
         271           1   0.0000000000000000        62.000000000000000        64.000000000000000        1.4514389430705399       0.22038299307081904     
         272           0        -999        -999        -999  0.36779677653036802       0.43074719406358503     
         273           1   0.0000000000000000        61.000000000000000        65.000000000000000        1.0277424965179074      -0.18552322515539474     
         274           1   0.0000000000000000        72.000000000000000        67.000000000000000        1.0110415728360780       0.46403811778722115     
         275           1   0.0000000000000000        68.000000000000000        66.000000000000000      -0.79901540985329633      -0.51466364129096065     
         276           1   0.0000000000000000        61.000000000000000        63.000000000000000        1.0776018916376571       0.20219828586128799     
         277           0        -999        -999        -999  0.61456445892776546       -8.2729495229219602E-002
         278           1   0.0000000000000000        71.000000000000000        67.000000000000000       -2.3957388548208294       -1.1228364826757500     
         279           1   0.0000000000000000        69.000000000000000        66.000000000000000       -1.9135427861986409       -1.1258041405109867     
         280           1   0.0000000000000000        70.000000000000000        65.000000000000000       -2.2758163691015989      -0.75467301968431721     
         281           1   0.0000000000000000        68.000000000000000        65.000000000000000       -1.0975434853892212      -0.33814822312018333     
         282           1   1.0000000000000000        62.000000000000000        62.000000000000000        2.0786829391081101       0.99348539823224358     
         283           1   0.0000000000000000        67.000000000000000        66.000000000000000      -0.79049057380777010      -0.52309542067622861     
         284           1   0.0000000000000000        62.000000000000000        63.000000000000000        1.2128595501555501       0.80558977600250803     
         285           1   0.0000000000000000        62.000000000000000        62.000000000000000        2.2576149839901518        1.0585955883007871     
         286           1   0.0000000000000000        70.000000000000000        65.000000000000000       -1.9321990282875425      -0.81000975909984863     
         287           1   0.0000000000000000        71.000000000000000        67.000000000000000       -1.9272423446517626       -1.0609327600492515     
         288           1   0.0000000000000000        72.000000000000000        65.000000000000000       -2.9016994343868121      -0.96137047173625478     
         289           1   0.0000000000000000        63.000000000000000        65.000000000000000        1.7201349267837218       0.60712512276676689     
         290           0        -999        -999        -999  -1.5441890931810263       -1.0564466566321413     
         291           0        -999        -999        -999  -1.6044671417494030       -1.1701652434524004     
         292           1   1.0000000000000000        72.000000000000000        67.000000000000000       -3.0880980922018408       -1.2066070239921070     
         293           1   0.0000000000000000        70.000000000000000        65.000000000000000       -1.8184120042492422      -0.84078193112514388     
         294           1   1.0000000000000000        62.000000000000000        62.000000000000000        2.5281524869550820       0.91982419503872526     
         295           1   0.0000000000000000        67.000000000000000        64.000000000000000       -1.1230872370200657       0.22692379581156616     
         296           0        -999        -999        -999  0.29170757542515874        1.0939436957184029E-002
         297           1   0.0000000000000000        69.000000000000000        66.000000000000000       -1.5277419583472820      -0.60936392039002718     
         298           1   0.0000000000000000        70.000000000000000        72.000000000000000       -2.8784265770919522       -1.2511164458284036     
         299           1   0.0000000000000000        71.000000000000000        65.000000000000000       -2.9543323818238205      -0.99692563717328131     
         300           1   0.0000000000000000        70.000000000000000        66.000000000000000       -1.5522873942807089      -0.45371123380142875     
         301           1   0.0000000000000000        62.000000000000000        63.000000000000000        2.3442894425398064        1.2276161664827254     
         302           1   0.0000000000000000        69.000000000000000        68.000000000000000       -2.4657284868332905       -1.1425102981483672     
         303           1   0.0000000000000000        68.000000000000000        64.000000000000000       -1.0265677054918083      -0.56790342220629331     
         304           1   0.0000000000000000        70.000000000000000        68.000000000000000       -2.0220957430369642       -1.1357946130254886     
         305           1   0.0000000000000000        61.000000000000000        63.000000000000000        2.0125203352081455       0.73614870827788959     
         306           1   0.0000000000000000        64.000000000000000        65.000000000000000       0.15018469516391680       -6.4841434935918513E-002
         307           0        -999        -999        -999   1.6463283829221251        1.2098624150484332     
         308           1   0.0000000000000000        62.000000000000000        62.000000000000000        1.5552058183705628       0.83987573038222396     
         309           1   1.0000000000000000        68.000000000000000        65.000000000000000      -0.75875849146321339      -0.52429459495392772     
         310           1   0.0000000000000000        68.000000000000000        67.000000000000000       -1.3956366204455428      -0.72609500838915397     
         311           1   0.0000000000000000        56.000000000000000        62.000000000000000        4.5322834926167914        1.6029069283737465     
         312           1   0.0000000000000000        61.000000000000000        61.000000000000000        2.5403353816323171       0.87775218682788236     
         313           1   0.0000000000000000        70.000000000000000        67.000000000000000       -1.3893903876670373      -0.80708391249191924     
         314           0        -999        -999        -999  -2.5752892478726364      -0.92628225205889891     
         315           1   0.0000000000000000        64.000000000000000        67.000000000000000       0.52237212192570115      -0.78851553752935899     
         316           1   0.0000000000000000        73.000000000000000        65.000000000000000       -1.5702881926113130      -0.58343324063141622     
         317           0        -999        -999        -999 -0.76288023140665639      -0.54410532859505323     
         318           1   0.0000000000000000        63.000000000000000        64.000000000000000        6.7627140719297832E-002  -6.8417398529126094E-002
         319           1   1.0000000000000000        70.000000000000000        67.000000000000000       -1.6940972066345312      -0.95487332202287734     
         320           0        -999        -999        -999  0.82162895977313544       0.77681450861032841     
         321           1   0.0000000000000000        60.000000000000000        63.000000000000000        3.5539268532571611        1.2984004887668406     
         322           0        -999        -999        -999  0.49075065075263119       -2.5304995875875546E-002
         323           0        -999        -999        -999  -2.4930780878646814       -1.5036122241409100     
         324           1   0.0000000000000000        65.000000000000000        65.000000000000000       0.26648152115340695       0.12920612435415055     
         325           1   0.0000000000000000        68.000000000000000        65.000000000000000       -1.4467844547204860      -0.75016816802494357     
         326           0        -999        -999        -999  0.19226726319071066       -6.7651959424825547E-002
         327           1   0.0000000000000000        62.000000000000000        62.000000000000000        1.6043363780043671       0.82698001025187107     
         328           1   0.0000000000000000        71.000000000000000        64.000000000000000       -2.3154723574243725      -0.16689101636852066     
         329           1   0.0000000000000000        65.000000000000000        62.000000000000000       0.40761150672358826       0.32917065046109867     
         330           1   0.0000000000000000        71.000000000000000        67.000000000000000       -2.8368914625302897      -0.82929188018163902     
         331           0        -999        -999        -999 -0.27005883971835515      -0.40554753660160747     
         332           1   0.0000000000000000        62.000000000000000        62.000000000000000        1.6287656343137695       0.61029067301727047     
         333           1   0.0000000000000000        63.000000000000000        64.000000000000000       0.57212825960862168       0.40030323481577257     
         334           1   0.0000000000000000        71.000000000000000        67.000000000000000       -2.9294077780703685       -1.5571988155649348     
         335           1   0.0000000000000000        67.000000000000000        66.000000000000000      -0.76774574367032544      -0.73291074678876800     
         336           0        -999        -999        -999   1.4210826908725769       0.63652703438497216     
         337           1   1.0000000000000000        69.000000000000000        64.000000000000000      -0.10544941327945752        6.7880059706960344E-002
         338           0        -999        -999        -999  -2.6008659482550716       -1.0421855610512438     
         339           1   0.0000000000000000        61.000000000000000        60.000000000000000        2.5392092065947094        1.2117107948156485     
         340           1   0.0000000000000000        67.000000000000000        64.000000000000000      -0.41468410507548492       0.17933486714506955     
         341           1   0.0000000000000000        67.000000000000000        64.000000000000000       -1.6157475708765663      -0.92465628189129023     
         342           1   0.0000000000000000        72.000000000000000        68.000000000000000       -2.5996812133925364       -1.0247558750432408     
         343           1   0.0000000000000000        62.000000000000000        63.000000000000000        1.7695841552245148       0.70077688370561209     
         344           1   0.0000000000000000        66.000000000000000        63.000000000000000       0.52302036859571266       0.41750986991784400     
         345           0        -999        -999        -999   2.0901925591390302       0.98650160822153865     
         346           1   0.0000000000000000        70.000000000000000        66.000000000000000       -2.3311449269065778       -1.0534067598430132     
         347           1   0.0000000000000000        67.000000000000000        67.000000000000000       -1.6341673444391116      -0.88347964152259595     
         348           0        -999        -999        -999  -1.5091812240168014      -0.49868314773651007     
         349           1   0.0000000000000000        62.000000000000000        62.000000000000000        1.1623678550889336       0.50392178038239244     
         350           1   0.0000000000000000        65.000000000000000        65.000000000000000      -0.37912005260173592      -0.44231488551976783     
         351           1   1.0000000000000000        62.000000000000000        62.000000000000000        1.4197937480747782       0.69095366584034923     
         352           0        -999        -999        -999   1.7258524552666881       0.66415740911497323     
         353           1   0.0000000000000000        67.000000000000000        64.000000000000000       -5.6375801241277924E-002   7.0709938568636305E-002
         354           1   0.0000000000000000        69.000000000000000        66.000000000000000       -1.4510341102789246      -0.51696611504156675     
         355           1   0.0000000000000000        62.000000000000000        62.000000000000000        1.5616173694151567       0.65456866779498479     
         356           1   0.0000000000000000        70.000000000000000        65.000000000000000       -2.1066741754075715      -0.90373538318073099     
         357           1   0.0000000000000000        68.000000000000000        63.000000000000000      -0.68890224946840517       0.10052284236238260     
         358           1   0.0000000000000000        74.000000000000000        68.000000000000000       -2.6779004108014113       -1.1633829369029984     
         359           0        -999        -999        -999 -0.65585232420212580      -0.25346029127675151     
         360           1   0.0000000000000000        68.000000000000000        63.000000000000000       -1.2457387911199631      -0.52201781943888625     
         361           1   0.0000000000000000        72.000000000000000        64.000000000000000       -3.3837851572201600      -0.78324811354819990     
         362           1   0.0000000000000000        62.000000000000000        62.000000000000000        1.6436391896543887       0.80264249270026200     
         363           0        -999        -999        -999   3.0264873013299689        1.1023950053379590     
         364           0        -999        -999        -999  -1.4095251562152804      -0.31739398462791452     
         365           1   0.0000000000000000        68.000000000000000        65.000000000000000       -1.5844783065949821      -0.73514755547961730     
         366           0        -999        -999        -999   1.5466986037725436       0.67713690679557270     
         367           1   0.0000000000000000        68.000000000000000        65.000000000000000       -1.0649454242836685      -0.11865817677867517     
         368           1   0.0000000000000000        71.000000000000000        67.000000000000000       -2.7276123931022083       -1.3828312935042542     
         369           0        -999        -999        -999   1.0480215036737324       0.22786220614673650     
         370           1   0.0000000000000000        71.000000000000000        66.000000000000000       -2.7238779647293168       -1.2682399106706874     
         371           1   0.0000000000000000        63.000000000000000        67.000000000000000       0.98243416371634340      -0.76926877235114932     
         372           0        -999        -999        -999   1.9347239736864952       0.70524528830103139     
         373           1   0.0000000000000000        66.000000000000000        65.000000000000000      -0.66659668291399810      -0.67554877343729725     
         374           1   0.0000000000000000        62.000000000000000        62.000000000000000        1.8062449531826770       0.81164280918669196     
         375           1   0.0000000000000000        67.000000000000000        67.000000000000000      -0.21437047073494481      -0.61308780057791212     
         376           1   1.0000000000000000        67.000000000000000        67.000000000000000       0.66683538119338048        6.0957787904974872E-002
         377           1   0.0000000000000000        64.000000000000000        64.000000000000000       0.24330684661409260      -0.14572360075386068     
         378           1   0.0000000000000000        61.000000000000000        62.000000000000000        2.8405291379801283       0.92942075051555950     
         379           1   0.0000000000000000        67.000000000000000        66.000000000000000      -0.79344650507380166      -0.76906623333234492     
         380           1   1.0000000000000000        63.000000000000000        63.000000000000000        1.0452570699144739       0.52590326290450928     
         381           1   1.0000000000000000        69.000000000000000        65.000000000000000       -1.3765458901897503      -0.51868512577084358     
         382           1   0.0000000000000000        69.000000000000000        65.000000000000000       -1.1601178983483151      -0.17399840996972255     
         383           1   1.0000000000000000        64.000000000000000        62.000000000000000        1.1746523803402478       0.76283324371603900     
         384           1   0.0000000000000000        71.000000000000000        66.000000000000000       -2.8562906215426760       -1.0030244358132392     
         385           1   0.0000000000000000        70.000000000000000        67.000000000000000       -1.8931660815686866      -0.92354635556107145     
         386           0        -999        -999        -999   1.5633352402978407       0.64414497808819293     
         387           0        -999        -999        -999   1.2969771824408909       0.36107594569371160     
         388           1   0.0000000000000000        64.000000000000000        63.000000000000000        1.1437791892375093       0.74936099276332380     
         389           0        -999        -999        -999   2.4584400728510607        1.0349110766318674     
         390           1   0.0000000000000000        67.000000000000000        64.000000000000000      -0.22133478686226624      -0.27489953132341916     
         391           0        -999        -999        -999 -0.86368872211817249      -0.10234271447245279     
         392           1   0.0000000000000000        60.000000000000000        62.000000000000000        3.3949845287206655        1.0270818508752602     
         393           1   0.0000000000000000        71.000000000000000        67.000000000000000       -2.2007760842103470       -1.0554754526921513     
         394           1   0.0000000000000000        64.000000000000000        64.000000000000000       0.18666217283269973        9.8199997435802155E-002
         395           1   0.0000000000000000        65.000000000000000        64.000000000000000       -7.0072739784438398E-002 -0.18507371165176587     
         396           1   0.0000000000000000        58.000000000000000        61.000000000000000        4.2775382036925400        1.8436673769845806     
         397           0        -999        -999        -999  0.40987970684640063        8.7297752854600480E-002
         398           1   0.0000000000000000        62.000000000000000        63.000000000000000        1.5925488419587601       0.83224992348930882     
         399           1   0.0000000000000000        58.000000000000000        62.000000000000000        3.4798209432160601        1.4094894100346094     
         400           1   0.0000000000000000        67.000000000000000        68.000000000000000      -0.48796194865757947      -0.11734969783912508     
         401           1   0.0000000000000000        70.000000000000000        64.000000000000000       -2.1254501340755798      -0.51999998302589501     
         402           1   0.0000000000000000        66.000000000000000        63.000000000000000       -1.2267045065706150      -0.37164193006126778     
         403           1   0.0000000000000000        71.000000000000000        66.000000000000000       -2.3137909275479460       -1.1233562167901097     
         404           1   1.0000000000000000        65.000000000000000        64.000000000000000      -0.17147764554611611        6.2430351779145937E-002
         405           1   0.0000000000000000        62.000000000000000        63.000000000000000        1.7003441081111423       0.90807985937668123     
         406           0        -999        -999        -999  0.58847026796548074       -8.9269737706169638E-002
         407           0        -999        -999        -999  -1.8706158327746953      -0.75519543490183350     
         408           1   0.0000000000000000        66.000000000000000        64.000000000000000       -1.3422701291533909      -0.48438685846101981     
         409           1   0.0000000000000000        62.000000000000000        63.000000000000000        2.0251151422719871       0.66733954613351532     
         410           1   0.0000000000000000        62.000000000000000        63.000000000000000        1.9545030697910541       0.98252854927571942     
         411           0        -999        -999        -999 -0.71048564036436102      -0.18232170210981860     
         412           1   0.0000000000000000        71.000000000000000        67.000000000000000       -2.9489190177444091       -1.5774117204392482     
         413           1   0.0000000000000000        67.000000000000000        65.000000000000000      -0.60748587291067568      -0.28962731280414544     
         414           1   1.0000000000000000        71.000000000000000        73.000000000000000       -2.8557568237826092       -1.1714068935171627     
         415           1   1.0000000000000000        65.000000000000000        65.000000000000000       -7.0573805763368067E-002 -0.19182456278575960     
         416           1   0.0000000000000000        59.000000000000000        63.000000000000000        2.3968887274393573       0.84186134664631007     
         417           0        -999        -999        -999 -0.74150722667841595      -0.27054901759580502     
         418           0        -999        -999        -999  0.45515715925145112       0.22938185518974177     
         419           1   0.0000000000000000        71.000000000000000        66.000000000000000       -2.4227667348508111       -1.0751315312440359     
         420           1   0.0000000000000000        69.000000000000000        64.000000000000000       -2.3753984998795801      -0.88631915046380227     
         421           1   0.0000000000000000        67.000000000000000        62.000000000000000       0.13302756708581012       0.23586083614592535     
         422           0        -999        -999        -999 -0.75304943319766393      -0.10840800036376859     
         423           1   0.0000000000000000        62.000000000000000        62.000000000000000        1.7691376064688797        1.0140357348721369     
         424           1   1.0000000000000000        71.000000000000000        66.000000000000000       -2.1469700214934444      -0.75472073210902091     
         425           1   0.0000000000000000        66.000000000000000        65.000000000000000      -0.39298542590342678      -0.47021127010009117     
         426           1   0.0000000000000000        71.000000000000000        65.000000000000000       -2.1891930147378287       -1.1405820502148083     
         427           1   0.0000000000000000        71.000000000000000        65.000000000000000       -2.4333409664967838      -0.85897385879321053     
         428           1   0.0000000000000000        69.000000000000000        66.000000000000000       -1.3283517226193962      -0.89489979567169531     
         429           1   0.0000000000000000        73.000000000000000        69.000000000000000       -2.4968347422748733       -1.1385892228244594     
         430           0        -999        -999        -999   1.8750872044485780       0.43425447218099383     
         431           0        -999        -999        -999  0.60521696525287527        8.1694220805723083E-002
         432           1   0.0000000000000000        62.000000000000000        62.000000000000000        1.7272932094323616       0.81622995119962771     
         433           1   0.0000000000000000        69.000000000000000        67.000000000000000      -0.50436415412952962      -0.41352149331227345     
         434           1   0.0000000000000000        74.000000000000000        66.000000000000000       -4.3469338287296342       -1.3605537306587365     
         435           0        -999        -999        -999  -2.7217204991625668       -1.1898713787368314     
         436           1   1.0000000000000000        64.000000000000000        62.000000000000000        4.6759639502086385E-002  0.21896759796250084     
         437           1   0.0000000000000000        66.000000000000000        65.000000000000000      -0.46856634667454417       -5.0317181960635490E-002
         438           1   0.0000000000000000        62.000000000000000        63.000000000000000        1.2002639512687623       0.32216622770867281     
         439           1   0.0000000000000000        62.000000000000000        62.000000000000000        1.9239924136541946        1.1553341815416269     
         440           1   0.0000000000000000        68.000000000000000        64.000000000000000      -0.69671848980073781      -0.39096275482440318     
         441           1   1.0000000000000000        62.000000000000000        62.000000000000000        2.4528816620326368       0.89538114393365287     
         442           1   1.0000000000000000        70.000000000000000        67.000000000000000       -2.1032253538852337      -0.76397462703857033     
         443           0        -999        -999        -999  -2.8150535831634107      -0.98455212868804731     
         444           0        -999        -999        -999  -1.4395834567010226      -0.69244792410121225     
         445           0        -999        -999        -999   1.6168484623404702       0.65431454119042154     
         446           1   1.0000000000000000        66.000000000000000        65.000000000000000      -0.16639560430764749        1.1614669595204852E-002
         447           1   0.0000000000000000        65.000000000000000        65.000000000000000      -0.24993097461758570      -0.27022385871318505     
         448           1   0.0000000000000000        62.000000000000000        62.000000000000000        1.8249395098401384       0.76576272932631373     
         449           1   0.0000000000000000        62.000000000000000        63.000000000000000        2.0733669236958678       0.75621019584240201     
         450           0        -999        -999        -999 -0.71189507159855026      -0.21739675601293559     
         451           0        -999        -999        -999  -2.8324846793000606       -1.1347481545787814     
         452           1   0.0000000000000000        62.000000000000000        63.000000000000000        1.4352243198083914       0.62575492400478527     
         453           1   0.0000000000000000        68.000000000000000        65.000000000000000       -1.6748813065991361      -0.57035606664460403     
         454           1   0.0000000000000000        66.000000000000000        65.000000000000000      -0.83910853175293598      -0.55575291907919078     
         455           1   0.0000000000000000        72.000000000000000        66.000000000000000       -2.7016875126364046       -1.2619709471093703     
         456           1   0.0000000000000000        69.000000000000000        64.000000000000000      -0.91858647446619524      -0.35964856887226360     
         457           1   0.0000000000000000        61.000000000000000        63.000000000000000        2.3618032057770679        1.0944925412819075     
         458           0        -999        -999        -999  -2.4542502653738563       -1.0791210386751184     
         459           0        -999        -999        -999  -1.7192825594491976      -0.57669871719829646     
         460           1   0.0000000000000000        70.000000000000000        66.000000000000000       -2.5940323170168273       -1.2668961428023393     
         461           1   0.0000000000000000        71.000000000000000        67.000000000000000       -2.7483986092223107       -1.1036904594026802     
         462           1   0.0000000000000000        71.000000000000000        67.000000000000000       -2.9884212674153185       -1.3762520741083955     
         463           1   0.0000000000000000        66.000000000000000        65.000000000000000      -0.38861500196530763      -0.37538746782104759     
         464           1   0.0000000000000000        63.000000000000000        65.000000000000000        1.5546712043702555       0.65799112263290960     
         465           1   1.0000000000000000        64.000000000000000        65.000000000000000        1.2297741006825866       0.46984230936484983     
         466           1   0.0000000000000000        69.000000000000000        66.000000000000000       -1.4497133320124624      -0.11834754799885744     
         467           0        -999        -999        -999  0.74234364190332425        5.9348911410382676E-002
         468           1   0.0000000000000000        64.000000000000000        62.000000000000000       0.18868430383510429       0.35969664971662424     
         469           0        -999        -999        -999   1.8393247692813222        1.0171554123498114     
         470           0        -999        -999        -999   3.9605227099710281E-002  -1.2166855365456584E-002
         471           0        -999        -999        -999   1.6459951005548348       0.87834500617242495     
         472           1   0.0000000000000000        62.000000000000000        62.000000000000000        1.3278162799368411       0.38744738903385256     
         473           1   0.0000000000000000        69.000000000000000        65.000000000000000       0.13858824076172424        5.5228591565667833E-002
         474           1   0.0000000000000000        59.000000000000000        62.000000000000000        3.0529385225153449        1.0478239343252709     
         475           1   0.0000000000000000        62.000000000000000        62.000000000000000        1.2563577328315048       0.57314030312240904     
         476           1   0.0000000000000000        68.000000000000000        65.000000000000000       -1.6314149219155284E-003  -6.5806961283456755E-002
         477           1   0.0000000000000000        62.000000000000000        63.000000000000000        3.2820606329115312        1.5913021034120336     
         478           1   0.0000000000000000        67.000000000000000        65.000000000000000      -0.10618104082132668      -0.14166629460567187     
         479           1   0.0000000000000000        61.000000000000000        63.000000000000000        1.8598307930930429       0.73806580492941432     
         480           0        -999        -999        -999   1.6048137595706822       0.65368580223573214     
         481           0        -999        -999        -999  -2.8485023373582878       -1.4672862418385131     
         482           1   0.0000000000000000        65.000000000000000        64.000000000000000      -0.26942448159587029      -0.13876214918157184     
         483           0        -999        -999        -999 -0.83500568019329025      -0.24400500783790044     
         484           1   0.0000000000000000        72.000000000000000        65.000000000000000       -3.4062912836910955      -0.99268999631952481     
         485           1   0.0000000000000000        61.000000000000000        62.000000000000000        2.8426170637110859        1.1412910580993954     
         486           0        -999        -999        -999  -2.8072332631726100       -1.1574098361188097     
         487           1   0.0000000000000000        65.000000000000000        65.000000000000000      -0.14694541031323000       -8.0678458921310259E-002
         488           1   1.0000000000000000        63.000000000000000        63.000000000000000        1.9822082231816729       0.85047328653164744     
         489           0        -999        -999        -999  -3.0549797029538048       -1.0179292814801526     
         490           0        -999        -999        -999  -1.1215898980822117      -0.23688943323692108     
         491           1   0.0000000000000000        61.000000000000000        63.000000000000000        2.0364948028845573        1.1191292515493694     
         492           0        -999        -999        -999  -2.6895602321582199       -1.1515986502569229     
         493           1   0.0000000000000000        65.000000000000000        64.000000000000000        8.0766081351490479E-002  0.19340375197747595     
         494           0        -999        -999        -999  -2.9046090915311016       -1.0383402459374056     
         495           1   0.0000000000000000        62.000000000000000        64.000000000000000        1.6162379690779638       0.82240973582005306     
         496           1   1.0000000000000000        69.000000000000000        65.000000000000000       -1.9303875991322301      -0.72229591820400019     
         497           1   0.0000000000000000        59.000000000000000        62.000000000000000        3.7370295682457093        1.8265001026137788     
         498           1   0.0000000000000000        65.000000000000000        63.000000000000000      -0.20189788019253224       0.10607011151445857     
         499           1   0.0000000000000000        60.000000000000000        63.000000000000000        2.7847572799100595        1.0975178450040257     
         500           1   0.0000000000000000        69.000000000000000        67.000000000000000       -1.1693135783729764      -0.58970862694155524     
         501           1   0.0000000000000000        72.000000000000000        67.000000000000000       -2.7414130072345047       -1.1988455897370716     
         502           1   0.0000000000000000        66.000000000000000        65.000000000000000      -0.16312230218469928        2.1651807928541239E-002
         503           1   0.0000000000000000        70.000000000000000        63.000000000000000       -1.9651072840766453      -0.67981467680953400     
         504           0        -999        -999        -999 -0.64549851329803110      -0.13700511754545369     
         505           1   0.0000000000000000        62.000000000000000        64.000000000000000        1.3618509810211661       0.38331466411994392     
         506           0        -999        -999        -999 -0.71019018959403724      -0.22957252369745926     
         507           1   0.0000000000000000        67.000000000000000        66.000000000000000      -0.38689085721014410      -0.64304661843976740     
         508           1   0.0000000000000000        66.000000000000000        64.000000000000000      -0.33670645289569978      -0.27729748789541503     
         509           1   0.0000000000000000        56.000000000000000        61.000000000000000        4.7168775249087798        2.1114635044992784     
         510           1   1.0000000000000000        63.000000000000000        63.000000000000000        1.1221230711906229       0.45231424893486838     
         511           1   0.0000000000000000        72.000000000000000        67.000000000000000       -3.0759101695618924       -1.0776935086453532     
         512           1   0.0000000000000000        64.000000000000000        64.000000000000000       0.71471465710225812       0.23464820258786229     
         513           1   0.0000000000000000        67.000000000000000        65.000000000000000      -0.90327970546158942      -0.74960841703013126     
         514           1   0.0000000000000000        65.000000000000000        64.000000000000000       0.61310551863319829       0.22418323972010876     
         515           1   0.0000000000000000        68.000000000000000        65.000000000000000       -1.5251577747839482      -0.49666752418335980     
         516           1   0.0000000000000000        62.000000000000000        62.000000000000000        1.1662085213780153       0.65882085236133892     
         517           1   1.0000000000000000        65.000000000000000        63.000000000000000       0.11816063879722276       0.48778878294387779     
         518           1   0.0000000000000000        62.000000000000000        63.000000000000000        1.7308690283670360       0.76209491454760625     
         519           1   0.0000000000000000        62.000000000000000        62.000000000000000       0.67264266974253617       0.33723029592196319     
         520           1   0.0000000000000000        63.000000000000000        63.000000000000000       0.38513073785811164       0.15601682133884046     
         521           1   0.0000000000000000        62.000000000000000        64.000000000000000        2.1494658245709015       0.76940653510995760     
         522           1   0.0000000000000000        63.000000000000000        63.000000000000000       0.87946695504140704       0.46296310703528709     
         523           1   0.0000000000000000        60.000000000000000        62.000000000000000        2.8829170689764281        1.3628891733894064     
         524           1   0.0000000000000000        68.000000000000000        66.000000000000000      -0.95033190880423990      -0.51424786645838005     
         525           1   0.0000000000000000        71.000000000000000        66.000000000000000       -2.9898094158865787       -1.2168326912268848     
         526           1   0.0000000000000000        62.000000000000000        62.000000000000000       0.62626845958830712       0.21043517731651346     
         527           0        -999        -999        -999  -2.8831365030621594       -1.0440739186873438     
         528           0        -999        -999        -999  -2.6144700630103244      -0.78710317000165120     
         529           1   0.0000000000000000        69.000000000000000        66.000000000000000       -1.5311137742320622      -0.47371418501827206     
         530           1   0.0000000000000000        70.000000000000000        65.000000000000000       -2.4933835834690186      -0.89342118486406863     
         531           0        -999        -999        -999   2.0524635556825768       0.83884695794856834     
         532           1   1.0000000000000000        62.000000000000000        63.000000000000000        1.8930747847092737       0.73169856405069400     
         533           1   0.0000000000000000        60.000000000000000        59.000000000000000        2.9936644497521159        1.4062171177172933     
         534           1   0.0000000000000000        67.000000000000000        65.000000000000000       -1.1556959366320800      -0.56182360866953485     
         535           1   0.0000000000000000        62.000000000000000        63.000000000000000        1.1898293411798209       0.12384099577917350     
         536           1   0.0000000000000000        63.000000000000000        63.000000000000000       0.36608298841492198       0.51294215402461307     
         537           1   0.0000000000000000        68.000000000000000        67.000000000000000       -1.1061374879974297      -0.55946774286808154     
         538           0        -999        -999        -999  -3.1136395905418612       -1.1291235762598542     
         539           1   0.0000000000000000        68.000000000000000        63.000000000000000       -1.5372745176779063      -0.46257772030037186     
         540           0        -999        -999        -999 -0.92361711346386510      -0.54014321030071444     
         541           0        -999        -999        -999  -2.8030236730732860      -0.85982138272294806     
         542           0        -999        -999        -999   1.9776430929703956       0.70394893199627551     
         543           1   0.0000000000000000        65.000000000000000        65.000000000000000       -8.3363732617925568E-002   9.7821948237548501E-002
         544           1   0.0000000000000000        61.000000000000000        62.000000000000000        2.7689219846157598        1.0700502820831683     
         545           1   0.0000000000000000        62.000000000000000        62.000000000000000        1.7316239363497559       0.93289347569109737     
         546           1   0.0000000000000000        67.000000000000000        62.000000000000000      -0.35281634861742356        1.2657615816343080E-003
         547           1   0.0000000000000000        57.000000000000000        63.000000000000000        3.6460492363845649        1.0658589646490928     
         548           1   0.0000000000000000        69.000000000000000        67.000000000000000       -1.3126911125937442      -0.69128844385378185     
         549           0        -999        -999        -999   1.6347841699273900       0.57064152720498662     
         550           1   0.0000000000000000        67.000000000000000        66.000000000000000      -0.87604786844417437      -0.47194969043569152     
         551           0        -999        -999        -999  -3.5966621378080315       -1.4011628071846962     
         552           1   0.0000000000000000        67.000000000000000        65.000000000000000       -1.2435991712768142      -0.59331141646443042     
         553           1   0.0000000000000000        61.000000000000000        63.000000000000000        2.4247624646381007        1.0372908447033182     
         554           1   0.0000000000000000        71.000000000000000        67.000000000000000       -2.4961887932508517       -1.1779002930627234     
         555           1   0.0000000000000000        71.000000000000000        64.000000000000000       -3.0355921774569357      -0.62040132015445937     
         556           1   0.0000000000000000        67.000000000000000        65.000000000000000      -0.45124008454280679      -0.24838479713804054     
         557           1   0.0000000000000000        69.000000000000000        65.000000000000000       -1.3220859826564098      -0.38280204121527239     
         558           1   0.0000000000000000        60.000000000000000        62.000000000000000        2.6413174432498470        1.0161996574635959     
         559           1   0.0000000000000000        61.000000000000000        63.000000000000000        1.1181952314109871       0.62833844753553247     
         560           1   0.0000000000000000        62.000000000000000        62.000000000000000        1.0669391114682640       0.87753307227689592     
         561           1   0.0000000000000000        71.000000000000000        67.000000000000000       -2.3635811933954090      -0.86046870655972352     
         562           1   0.0000000000000000        59.000000000000000        62.000000000000000        3.6261450461117728        1.6855909242536102     
         563           1   1.0000000000000000        69.000000000000000        65.000000000000000       -2.2748694215376979      -0.68680167230142630     
         564           1   0.0000000000000000        65.000000000000000        63.000000000000000       0.36533141885687237       0.19494204687203531     
         565           1   0.0000000000000000        62.000000000000000        62.000000000000000        2.2146313291854316       0.79996511024388950     
         566           1   0.0000000000000000        72.000000000000000        66.000000000000000       -2.6159009593002418       -1.2350889000792833     
         567           1   0.0000000000000000        71.000000000000000        64.000000000000000       -2.6088891070198823      -0.36263016987028995     
         568           0        -999        -999        -999 -0.79007443377000852      -0.65798253343976720     
         569           0        -999        -999        -999 -0.79565532087264534      -0.48431083765877425     
         570           1   0.0000000000000000        69.000000000000000        66.000000000000000       -2.1781317777109277       -1.0892291674491048     
         571           1   0.0000000000000000        61.000000000000000        62.000000000000000        2.5774819181515070       0.95734728728008422     
         572           1   0.0000000000000000        61.000000000000000        64.000000000000000        2.1712604102087276        7.3203429172569515E-002
         573           1   0.0000000000000000        68.000000000000000        65.000000000000000       -1.4586645738877331      -0.42301765270216229     
         574           1   0.0000000000000000        57.000000000000000        62.000000000000000        4.0738444434167116        1.6817868425413400     
         575           1   0.0000000000000000        65.000000000000000        64.000000000000000       0.14114507790272415       0.37377758989933868     
         576           1   0.0000000000000000        62.000000000000000        63.000000000000000        1.3068200350021681       0.66977516740935417     
         577           1   1.0000000000000000        64.000000000000000        63.000000000000000        1.0701893731150747       0.60926499340199802     
         578           1   0.0000000000000000        59.000000000000000        63.000000000000000        3.0233325871584191        1.1267279206526035     
         579           1   0.0000000000000000        63.000000000000000        64.000000000000000        1.3478926408224743       0.51618501645617809     
         580           1   0.0000000000000000        66.000000000000000        65.000000000000000       0.23253090969780832       0.11887632960516399     
         581           0        -999        -999        -999 -0.72546393002529685      -0.47082395084921230     
         582           1   0.0000000000000000        64.000000000000000        63.000000000000000       0.40941569338347450        3.4046815796453994E-002
         583           1   0.0000000000000000        73.000000000000000        64.000000000000000       -3.3692985863350420      -0.47332184809785649     
         584           0        -999        -999        -999  0.76254268635155276       0.19383630032880703     
         585           1   0.0000000000000000        63.000000000000000        63.000000000000000       0.82158598787614867       0.15640452833657273     
         586           1   0.0000000000000000        73.000000000000000        65.000000000000000       -3.3597563914024171       -1.0765492992626240     
         587           1   0.0000000000000000        69.000000000000000        66.000000000000000      -0.94684418101567358      -0.37025764096484409     
         588           1   1.0000000000000000        66.000000000000000        65.000000000000000      -0.82381093531052640      -0.98917312643647093     
         589           1   0.0000000000000000        66.000000000000000        63.000000000000000      -0.43879443733343548      -0.30288879603598984     
         590           1   0.0000000000000000        67.000000000000000        66.000000000000000       -1.0964614832935300      -0.89066470976484713     
         591           0        -999        -999        -999   2.2339898550066595        1.3437522587930990     
         592           1   0.0000000000000000        68.000000000000000        65.000000000000000       -1.3882074669803757      -0.66244326273998921     
         593           1   0.0000000000000000        71.000000000000000        67.000000000000000       -2.0708327736060879      -0.95460428961896537     
         594           0        -999        -999        -999 -0.35819452764419757       0.31159103870939941     
         595           1   0.0000000000000000        62.000000000000000        62.000000000000000        1.1186647546745221       0.69079366646752571     
         596           1   0.0000000000000000        68.000000000000000        66.000000000000000       -2.0276893392087785       -1.1529911817626106     
         597           1   0.0000000000000000        62.000000000000000        63.000000000000000        1.6191877174479916       0.87118523932479019     
         598           0        -999        -999        -999  0.20457813324030166       0.24405659650360667     
         599           0        -999        -999        -999 -0.78250231811910764      -0.40993693872161996     
         600           1   0.0000000000000000        69.000000000000000        67.000000000000000       -2.5370153263643935       -1.3866487742702704     
         601           0        -999        -999        -999 -0.10320217555203356      -0.17721535197961236     
         602           1   0.0000000000000000        67.000000000000000        65.000000000000000      -0.72106607673861933      -0.43840174580084801     
         603           1   0.0000000000000000        60.000000000000000        62.000000000000000        2.6990415117009494       0.99766988347691066     
         604           1   0.0000000000000000        67.000000000000000        64.000000000000000      -0.40114013414627875        2.1431643487681540E-003
