           1           1   1.0000000000000000        71.000000000000000        66.000000000000000       -2.6610569095841883       -1.7254243605657174     
           2           1   0.0000000000000000        72.000000000000000        68.000000000000000       -3.2113481624902369       -2.1163256420665175     
           3           1   0.0000000000000000        70.000000000000000        68.000000000000000       -3.8543528491303505       -2.5437105408658431     
           4           0        -999        -999        -999   2.0633647369159145        1.3609738135009488     
           5           1   0.0000000000000000        62.000000000000000        62.000000000000000        1.8400135779542592        1.1401848915276147     
           6           1   0.0000000000000000        72.000000000000000        64.000000000000000       -2.5352679792452442       -1.7135467525252635     
           7           0        -999        -999        -999  -1.3753545058897538      -0.92072404990180612     
           8           1   0.0000000000000000        65.000000000000000        62.000000000000000       0.78930579407492385       0.55916593099961920     
           9           1   0.0000000000000000        68.000000000000000        64.000000000000000      -0.44490933457751425      -0.32474196568867436     
          10           0        -999        -999        -999  0.51119735946382117       0.34822365487022838     
          11           1   0.0000000000000000        63.000000000000000        62.000000000000000        1.5330461148938297       0.94002300251535231     
          12           1   0.0000000000000000        67.000000000000000        65.000000000000000      -0.87633181039192165      -0.59108258454105855     
          13           1   0.0000000000000000        71.000000000000000        67.000000000000000       -4.4544343035381901       -2.9965742255074064     
          14           1   1.0000000000000000        69.000000000000000        67.000000000000000      -0.95326585813648590      -0.67037341204774892     
          15           1   0.0000000000000000        61.000000000000000        59.000000000000000        4.7100497325456292        3.1792601493013444     
          16           1   0.0000000000000000        66.000000000000000        65.000000000000000      -0.65829361158696786      -0.44642146679296585     
          17           1   0.0000000000000000        64.000000000000000        62.000000000000000        1.2651725544418282       0.81051852658355061     
          18           1   0.0000000000000000        62.000000000000000        62.000000000000000        1.5730428339645419        1.0211243842422919     
          19           0        -999        -999        -999 -0.58065533406259184      -0.40412950544693921     
          20           1   0.0000000000000000        60.000000000000000        62.000000000000000        2.1678094566705060        1.4668882300348043     
          21           1   0.0000000000000000        61.000000000000000        57.000000000000000        4.6335512020084009        3.0254479514895896     
          22           1   0.0000000000000000        69.000000000000000        65.000000000000000      -0.82890032496809629      -0.53196201666846310     
          23           1   0.0000000000000000        60.000000000000000        62.000000000000000        2.4490728102328858        1.6625071299204179     
          24           1   0.0000000000000000        70.000000000000000        66.000000000000000       -2.7750814509760628       -1.8423828522647887     
          25           0        -999        -999        -999  -2.2125390213733125       -1.4505488997620055     
          26           1   0.0000000000000000        73.000000000000000        68.000000000000000       -3.9537072704022154       -2.5673321469865686     
          27           1   1.0000000000000000        59.000000000000000        60.000000000000000        4.7626175907175243        3.1735856204144222     
          28           1   0.0000000000000000        64.000000000000000        62.000000000000000        1.5739541530228780        1.0223508499321028     
          29           1   0.0000000000000000        62.000000000000000        63.000000000000000       0.90766733835538260       0.56731565418682817     
          30           1   0.0000000000000000        60.000000000000000        59.000000000000000        4.6297689297249596        3.0706933820181548     
          31           1   0.0000000000000000        67.000000000000000        63.000000000000000       0.27166412343699542       0.13584758903280977     
          32           1   0.0000000000000000        72.000000000000000        68.000000000000000       -3.7718235582351203       -2.5657447663722555     
          33           1   0.0000000000000000        69.000000000000000        65.000000000000000       -2.2803580639966863       -1.5290037081778671     
          34           1   0.0000000000000000        59.000000000000000        62.000000000000000        3.8777221062394540        2.5727361338136943     
          35           0        -999        -999        -999   4.9363184259271788        3.3219413725485523     
          36           0        -999        -999        -999  0.82645502742553845       0.55925876139413910     
          37           1   0.0000000000000000        71.000000000000000        66.000000000000000       -2.6587084516618971       -1.7655340682704865     
          38           1   0.0000000000000000        60.000000000000000        59.000000000000000        4.9922868146605648        3.2785299627783506     
          39           0        -999        -999        -999 -0.45303111978248062      -0.36549869210773062     
          40           1   0.0000000000000000        62.000000000000000        63.000000000000000        2.6309775257648824        1.7957448117744033     
          41           1   0.0000000000000000        73.000000000000000        66.000000000000000       -2.6628304808264729       -1.7180546666343803     
          42           0        -999        -999        -999   2.3516921420850929        1.5765217316209061     
          43           1   0.0000000000000000        69.000000000000000        67.000000000000000       -2.2734520297895955       -1.5106866642579357     
          44           1   0.0000000000000000        61.000000000000000        62.000000000000000        2.7237514350875682        1.7248234415516015     
          45           1   0.0000000000000000        71.000000000000000        67.000000000000000       -3.4120468239259116       -2.2316733669584883     
          46           1   0.0000000000000000        72.000000000000000        67.000000000000000       -2.8887373862830690       -1.9695019242924652     
          47           0        -999        -999        -999 -0.60918589318902572      -0.39600731227056152     
          48           1   0.0000000000000000        62.000000000000000        62.000000000000000        2.5947118776501812        1.6579937859094207     
          49           0        -999        -999        -999   6.3082885652192342        4.1417467790683675     
          50           0        -999        -999        -999  -4.3126246103075703       -2.8736933969569152     
          51           1   0.0000000000000000        63.000000000000000        63.000000000000000       0.14304149546878409       0.14116159326087430     
          52           1   0.0000000000000000        70.000000000000000        67.000000000000000       -2.8977647777270437       -1.9459944585592419     
          53           1   0.0000000000000000        62.000000000000000        60.000000000000000        3.8855813036145048        2.5634583173702499     
          54           1   0.0000000000000000        66.000000000000000        64.000000000000000      -0.45879814041587230      -0.31052260119052955     
          55           1   1.0000000000000000        70.000000000000000        68.000000000000000       -2.8732973682142391       -1.8814219602038926     
          56           1   0.0000000000000000        70.000000000000000        65.000000000000000       -3.2407559877194525       -2.1165737030029543     
          57           0        -999        -999        -999  -3.0866924151907362       -2.0854753223438500     
          58           1   0.0000000000000000        62.000000000000000        61.000000000000000        3.1912208406816411        2.0730501381958271     
          59           1   0.0000000000000000        60.000000000000000        62.000000000000000        3.0284881079506687        1.9995943086614663     
          60           1   0.0000000000000000        58.000000000000000        58.000000000000000        4.5173523052664368        3.0828001772340876     
          61           0        -999        -999        -999  -3.4927645755533998       -2.3078909443116191     
          62           1   0.0000000000000000        72.000000000000000        69.000000000000000       -2.9671218273955371       -1.9169582279640838     
          63           1   0.0000000000000000        59.000000000000000        61.000000000000000        4.6959695923543423        3.0363755331511606     
          64           1   0.0000000000000000        62.000000000000000        62.000000000000000        1.8021931684798449        1.1659722427010457     
          65           0        -999        -999        -999   4.2828605808034528        2.8730310096225491     
          66           1   0.0000000000000000        64.000000000000000        65.000000000000000      -0.75982313714724103      -0.52615152397805143     
          67           0        -999        -999        -999  0.27918868609684366       0.15550852461755327     
          68           1   0.0000000000000000        66.000000000000000        62.000000000000000      -0.38676298485402749      -0.27075297520777725     
          69           1   1.0000000000000000        71.000000000000000        66.000000000000000       -2.4691048972068228       -1.6235252618765110     
          70           1   1.0000000000000000        60.000000000000000        60.000000000000000        5.3621724041789864        3.5099023136732619     
          71           1   0.0000000000000000        68.000000000000000        68.000000000000000       -2.5178557993272803       -1.5936963665740382     
          72           1   0.0000000000000000        69.000000000000000        65.000000000000000       -1.2732367993664011      -0.83325268880030956     
          73           1   0.0000000000000000        63.000000000000000        68.000000000000000       0.25170659598740708       0.11789905143536193     
          74           0        -999        -999        -999  -1.2719869412246259      -0.89274511485930974     
          75           1   0.0000000000000000        67.000000000000000        65.000000000000000       0.64632445611444700       0.40650307872396679     
          76           1   1.0000000000000000        69.000000000000000        67.000000000000000       -4.0416496566715940       -2.6269776044324664     
          77           0        -999        -999        -999  -4.6217802411887696       -3.0758371186699973     
          78           1   0.0000000000000000        70.000000000000000        65.000000000000000       -2.2811812340750102       -1.5199583533317351     
          79           1   0.0000000000000000        60.000000000000000        59.000000000000000        4.2378431941384482        2.7807389325913658     
          80           1   0.0000000000000000        69.000000000000000        65.000000000000000      -0.21394203618115273      -0.13284575122091538     
          81           1   0.0000000000000000        61.000000000000000        61.000000000000000        3.8350716924949291        2.5827331426756781     
          82           1   0.0000000000000000        71.000000000000000        67.000000000000000       -3.4103424115312326       -2.3074818607171848     
          83           0        -999        -999        -999  0.60004385405367977       0.41571905105943413     
          84           1   0.0000000000000000        63.000000000000000        64.000000000000000       0.74927129871965248       0.48690522187065083     
          85           1   0.0000000000000000        62.000000000000000        61.000000000000000        5.8759721531979370        4.0381418159060267     
          86           1   0.0000000000000000        62.000000000000000        62.000000000000000        1.1485774873209189       0.71926113779435186     
          87           0        -999        -999        -999  0.18734944380530053       0.12018226449287013     
          88           0        -999        -999        -999 -0.10013504098941757      -0.11696059988656504     
          89           0        -999        -999        -999  0.16827830658077722        6.9652702980971967E-002
          90           1   0.0000000000000000        58.000000000000000        60.000000000000000        3.5159076298942926        2.3899891873375223     
          91           1   0.0000000000000000        59.000000000000000        62.000000000000000        5.0987689564368788        3.3428047670816365     
          92           1   0.0000000000000000        55.000000000000000        79.000000000000000        3.6786747338016839        2.5020728035755244     
          93           1   0.0000000000000000        62.000000000000000        64.000000000000000        1.4118475421069165       0.99272997437683186     
          94           1   0.0000000000000000        58.000000000000000        64.000000000000000        3.3290421122889686        2.2107142927881043     
          95           0        -999        -999        -999  -2.3688371975256803       -1.5880378920153790     
          96           0        -999        -999        -999   7.1346098812893374E-002   5.4510588318986926E-002
          97           1   1.0000000000000000        69.000000000000000        68.000000000000000       0.19159224229831318       0.14057514259114726     
          98           1   0.0000000000000000        65.000000000000000        63.000000000000000       0.74843905629147001       0.53547350081442691     
          99           1   0.0000000000000000        71.000000000000000        68.000000000000000       -3.1344474583107949       -2.0668635361246910     
         100           1   0.0000000000000000        74.000000000000000        69.000000000000000       -4.7649275012045855       -3.1438045785485556     
         101           0        -999        -999        -999  -1.5867998668348642      -0.97814138639241976     
         102           1   0.0000000000000000        63.000000000000000        69.000000000000000       0.93041642602438057       0.70363040772225449     
         103           1   0.0000000000000000        72.000000000000000        65.000000000000000       -3.1197871108261834       -2.0182705256525795     
         104           1   0.0000000000000000        67.000000000000000        64.000000000000000       0.54080755966892946       0.34182162080104656     
         105           0        -999        -999        -999 -0.34344107223677978      -0.22408927571784873     
         106           1   0.0000000000000000        68.000000000000000        62.000000000000000      -0.11995894417777553       -7.8300896573476525E-002
         107           0        -999        -999        -999   3.0689062283268154        2.1154102122352412     
         108           1   0.0000000000000000        61.000000000000000        63.000000000000000        2.6116887650162242        1.7220190957223189     
         109           1   0.0000000000000000        72.000000000000000        67.000000000000000       -3.8699934414991968       -2.5343551657347523     
         110           0        -999        -999        -999  0.21750482393229992       0.17518318573841640     
         111           0        -999        -999        -999  -3.5897755615852271       -2.3940143534810767     
         112           0        -999        -999        -999   3.5468586141528946        2.3311140947330444     
         113           1   0.0000000000000000        69.000000000000000        64.000000000000000       -6.6325795266548151E-002  -8.6167522607732180E-002
         114           1   0.0000000000000000        71.000000000000000        70.000000000000000        9.5033275487719171E-002  0.10095828914900791     
         115           0        -999        -999        -999  -3.4299603846877744       -2.3076319899949431     
         116           1   0.0000000000000000        73.000000000000000        66.000000000000000       -3.2368744457158711       -2.1607221115990551     
         117           1   0.0000000000000000        59.000000000000000        63.000000000000000        4.0852265023256553        2.6731910706690538     
         118           1   0.0000000000000000        61.000000000000000        60.000000000000000        3.2789847700982868        2.2105105050435383     
         119           1   0.0000000000000000        65.000000000000000        62.000000000000000        2.0248903313987721        1.3408971416506561     
         120           1   1.0000000000000000        61.000000000000000        62.000000000000000        3.9662896019861744        2.5287710121246731     
         121           1   0.0000000000000000        72.000000000000000        64.000000000000000       -3.0834830363350081       -1.9633960191076547     
         122           0        -999        -999        -999  0.98125463019858516       0.73269650707291423     
         123           1   0.0000000000000000        71.000000000000000        66.000000000000000       -2.3418811626904703       -1.5362943693795621     
         124           1   0.0000000000000000        62.000000000000000        64.000000000000000       0.90156413178876293       0.57191819585532233     
         125           0        -999        -999        -999 -0.24295007336080127      -0.16790326666707789     
         126           1   0.0000000000000000        67.000000000000000        64.000000000000000      -0.12085616639043618       -7.2502343721852658E-002
         127           0        -999        -999        -999  -2.3111946742981075       -1.5136296351105190     
         128           1   0.0000000000000000        68.000000000000000        64.000000000000000      -0.99327761932660141      -0.60939174297706999     
         129           1   0.0000000000000000        70.000000000000000        64.000000000000000       -1.0104166350680712      -0.63705191840870357     
         130           1   0.0000000000000000        65.000000000000000        64.000000000000000       0.74602277444872411       0.52523876129819413     
         131           0        -999        -999        -999 -0.89017146694658988      -0.56192993684581305     
         132           0        -999        -999        -999  0.71455456424801345       0.47727893616927775     
         133           1   0.0000000000000000        67.000000000000000        68.000000000000000       -1.2666802689948808      -0.84686018798346874     
         134           1   0.0000000000000000        62.000000000000000        62.000000000000000        2.5758403525672020        1.6731756800367930     
         135           0        -999        -999        -999  -2.2026017206083059       -1.4780860852630691     
         136           1   0.0000000000000000        80.000000000000000        75.000000000000000       0.13633330824267742        9.0642780675381313E-002
         137           1   0.0000000000000000        70.000000000000000        65.000000000000000       -1.7563347611603743       -1.2530383603590345     
         138           1   0.0000000000000000        71.000000000000000        66.000000000000000       -1.9958444484470474       -1.2970038439805873     
         139           1   0.0000000000000000        60.000000000000000        60.000000000000000        4.7752851950892028        3.1328004765946385     
         140           0        -999        -999        -999   4.3480286918005060        2.9255633479212513     
         141           1   0.0000000000000000        68.000000000000000        64.000000000000000       -2.5837544959655205       -1.7093972568452194     
         142           1   0.0000000000000000        62.000000000000000        64.000000000000000        2.5367836249158997        1.6985900296337062     
         143           1   0.0000000000000000        62.000000000000000        61.000000000000000        2.6929000022790901        1.8049835371414291     
         144           1   0.0000000000000000        62.000000000000000        62.000000000000000        1.2823314696627195       0.81119950113611095     
         145           1   0.0000000000000000        63.000000000000000        63.000000000000000        1.3629120246640769       0.89455646906324471     
         146           1   0.0000000000000000        70.000000000000000        65.000000000000000       -1.2796452158566209      -0.80878221621434920     
         147           1   1.0000000000000000        74.000000000000000        69.000000000000000       -5.1989937992796937       -3.4462002304278809     
         148           1   0.0000000000000000        72.000000000000000        68.000000000000000       -3.7764596154462367       -2.4578359112571251     
         149           1   0.0000000000000000        63.000000000000000        63.000000000000000        3.8319891833474125E-002   6.5812576514693119E-002
         150           1   0.0000000000000000        70.000000000000000        66.000000000000000       -2.4558823895170772       -1.5327170914592214     
         151           1   0.0000000000000000        66.000000000000000        62.000000000000000       -6.7921045070007013E-002  -4.1731499211922249E-002
         152           1   0.0000000000000000        57.000000000000000        61.000000000000000        4.4423267798860078        2.8777756153869931     
         153           1   1.0000000000000000        60.000000000000000        61.000000000000000        3.7379695080459441        2.5751160594162990     
         154           0        -999        -999        -999  -2.5944413653251193       -1.6624037963730693     
         155           1   0.0000000000000000        72.000000000000000        66.000000000000000       -3.2675269914062786       -2.2034677577499706     
         156           1   0.0000000000000000        70.000000000000000        67.000000000000000       -2.0531933242872653       -1.3174564180677641     
         157           0        -999        -999        -999  -2.1015744669308960       -1.4364036985107504     
         158           0        -999        -999        -999  -5.8568372544447094       -3.9063607886715301     
         159           0        -999        -999        -999 -0.59435187631117881      -0.38834688130219935     
         160           0        -999        -999        -999  -2.5877970444205123       -1.7295688889746597     
         161           1   0.0000000000000000        62.000000000000000        62.000000000000000        2.4567870300137442        1.7005650094736031     
         162           1   0.0000000000000000        69.000000000000000        64.000000000000000       -2.6586576466466108       -1.7052448852153912     
         163           1   0.0000000000000000        62.000000000000000        62.000000000000000        3.5985776255184785        2.4007101338756440     
         164           1   0.0000000000000000        73.000000000000000        67.000000000000000       -3.3977534073681013       -2.2385126740958956     
         165           0        -999        -999        -999  0.21217655990903098        9.1009492252464130E-002
         166           1   0.0000000000000000        63.000000000000000        62.000000000000000        5.8200528601636590        3.9496104377647909     
         167           1   1.0000000000000000        69.000000000000000        66.000000000000000       -2.0556895880408566       -1.4095892452002692     
         168           0        -999        -999        -999  -1.2277370345998608      -0.81706705900875465     
         169           1   0.0000000000000000        69.000000000000000        64.000000000000000       -1.7568885198789008       -1.1273032138146077     
         170           1   0.0000000000000000        68.000000000000000        64.000000000000000       -1.1819995562465266      -0.86570417513050268     
         171           1   0.0000000000000000        64.000000000000000        64.000000000000000      -0.58359559746048706      -0.33506497326508083     
         172           1   0.0000000000000000        70.000000000000000        67.000000000000000       -2.8116960293561779       -1.9374596189309850     
         173           1   0.0000000000000000        67.000000000000000        65.000000000000000       -1.5505500593205059       -1.0730568980441151     
         174           1   0.0000000000000000        63.000000000000000        60.000000000000000        3.4956544396335065        2.2286026742228375     
         175           1   0.0000000000000000        64.000000000000000        62.000000000000000       0.38510608316007433       0.25408556023347878     
         176           0        -999        -999        -999  -1.7743159331309002       -1.1612507321691181     
         177           1   0.0000000000000000        63.000000000000000        67.000000000000000       -1.1025876597075147E-003  -4.3737634630201952E-003
         178           1   0.0000000000000000        62.000000000000000        61.000000000000000        2.3862509683351023        1.5441045971785790     
         179           1   0.0000000000000000        63.000000000000000        64.000000000000000       0.33347250399130407       0.21926997873850052     
         180           1   0.0000000000000000        62.000000000000000        62.000000000000000        1.5410258207929377        1.0412477145453591     
         181           1   0.0000000000000000        67.000000000000000        67.000000000000000       -1.9061449013369653       -1.2749256158749456     
         182           1   0.0000000000000000        62.000000000000000        61.000000000000000        2.5070072160101127        1.7149974080154926     
         183           0        -999        -999        -999 -0.98888862895387930      -0.63704500064635028     
         184           0        -999        -999        -999 -0.70907174883291746      -0.49509634300240662     
         185           0        -999        -999        -999   1.3602837617239205       0.88407273634573169     
         186           0        -999        -999        -999   5.1571506942627767        3.3772319575223637     
         187           1   0.0000000000000000        71.000000000000000        68.000000000000000       -4.2215438005581127       -2.7915634073536468     
         188           1   0.0000000000000000        69.000000000000000        65.000000000000000       -2.4476079025118844       -1.6683080697576045     
         189           0        -999        -999        -999  -4.0395420952773972E-002  -7.8282311015830663E-002
         190           1   0.0000000000000000        58.000000000000000        68.000000000000000        4.3886649448990305        3.0752940605008354     
         191           1   0.0000000000000000        75.000000000000000        68.000000000000000       -5.1951750756486437       -3.4335327224625676     
         192           1   0.0000000000000000        62.000000000000000        62.000000000000000        3.1847618973729213        2.0421377980004705     
         193           1   0.0000000000000000        63.000000000000000        61.000000000000000        2.6832261958819132        1.8113082068728625     
         194           1   0.0000000000000000        68.000000000000000        64.000000000000000      -0.19144458133568065       -8.7079772371835423E-002
         195           1   0.0000000000000000        71.000000000000000        66.000000000000000       -2.7924378879756806       -1.8640128506753582     
         196           1   0.0000000000000000        58.000000000000000        60.000000000000000        3.5876585138137980        2.4285366137381588     
         197           1   0.0000000000000000        57.000000000000000        61.000000000000000        4.3126628410359622        2.8552606223028207     
         198           1   0.0000000000000000        71.000000000000000        66.000000000000000       -4.9780136625252460       -3.2702296685919019     
         199           0        -999        -999        -999  -3.5972121208439858       -2.3895523727021684     
         200           1   0.0000000000000000        62.000000000000000        63.000000000000000        1.5316547654092016        1.0163691020027796     
         201           1   0.0000000000000000        60.000000000000000        60.000000000000000        3.9408178645685341        2.6047615875485790     
         202           1   0.0000000000000000        70.000000000000000        64.000000000000000       -1.0885620512706760      -0.66739261550645612     
         203           1   1.0000000000000000        70.000000000000000        67.000000000000000       -2.8132709400097129       -1.9266406668316263     
         204           1   0.0000000000000000        60.000000000000000        58.000000000000000        5.0001225705523762        3.3292241424167464     
         205           0        -999        -999        -999   1.4970301408168201        1.0007660245982821     
         206           1   0.0000000000000000        63.000000000000000        63.000000000000000        1.4359983447237719       0.92239675749701855     
         207           1   0.0000000000000000        64.000000000000000        63.000000000000000       0.93960425790520075       0.65374595122822599     
         208           1   0.0000000000000000        65.000000000000000        63.000000000000000       -1.3625728601360134E-002  -2.5948049756648016E-003
         209           1   0.0000000000000000        60.000000000000000        62.000000000000000        3.0377531939632343        2.0580859189605984     
         210           1   0.0000000000000000        64.000000000000000        64.000000000000000       -4.6064717559795819E-002  -8.2449348217157048E-002
         211           1   0.0000000000000000        73.000000000000000        69.000000000000000       -4.0257498728321117       -2.7345546097620326     
         212           1   0.0000000000000000        71.000000000000000        65.000000000000000       -2.9969191616767206       -1.9844985767393950     
         213           1   1.0000000000000000        62.000000000000000        60.000000000000000        3.0696659385060094        1.9634193048630975     
         214           1   0.0000000000000000        69.000000000000000        66.000000000000000       -1.8931212265362427       -1.2799631280407993     
         215           1   0.0000000000000000        69.000000000000000        65.000000000000000       -2.9900107558872988       -2.0297809268549702     
         216           1   0.0000000000000000        70.000000000000000        65.000000000000000       -2.7700341317567800       -1.8593105455054388     
         217           1   0.0000000000000000        65.000000000000000        63.000000000000000       0.20437813283776360       0.15194621851164483     
         218           1   0.0000000000000000        60.000000000000000        61.000000000000000        3.0059330154976642        2.0580805412106700     
         219           1   0.0000000000000000        60.000000000000000        68.000000000000000        2.7184930702357257        1.8492748928906060     
         220           1   0.0000000000000000        67.000000000000000        67.000000000000000       -2.5754403804353734       -1.6513459643627209     
         221           1   1.0000000000000000        62.000000000000000        62.000000000000000        2.0789686286372056        1.3806216057121667     
         222           1   0.0000000000000000        65.000000000000000        63.000000000000000      -0.48908051347110720      -0.32678574823383399     
         223           1   0.0000000000000000        62.000000000000000        61.000000000000000        2.6019763562941089        1.8134186301014066     
         224           1   0.0000000000000000        68.000000000000000        65.000000000000000       -1.9146223527380630       -1.2393253940422710     
         225           1   1.0000000000000000        63.000000000000000        62.000000000000000       0.44210970617544393       0.33479240277643796     
         226           0        -999        -999        -999 -0.98499386639124309      -0.65423578965094586     
         227           0        -999        -999        -999  0.97043189861027390       0.65001822242998375     
         228           1   0.0000000000000000        68.000000000000000        64.000000000000000        2.2298474993342108        1.4490845827327550     
         229           1   0.0000000000000000        64.000000000000000        61.000000000000000       -4.4642002449218877E-002  -1.1400929490674935E-002
         230           0        -999        -999        -999  -2.6680890769841055       -1.7388856010030205     
         231           1   0.0000000000000000        62.000000000000000        61.000000000000000        2.7256078279687213        1.8458457063121620     
         232           0        -999        -999        -999  -1.6306348226025864       -1.0946764088528556     
         233           1   0.0000000000000000        71.000000000000000        65.000000000000000       -2.9426429458210515       -1.9319480891454608     
         234           1   0.0000000000000000        65.000000000000000        64.000000000000000       0.10638286268349342        4.7759234714382551E-002
         235           1   0.0000000000000000        72.000000000000000        69.000000000000000       -4.8061917136346555       -3.2857268243091848     
         236           1   0.0000000000000000        69.000000000000000        65.000000000000000       -2.8173699057968742       -1.9407713786425500     
         237           1   0.0000000000000000        57.000000000000000        61.000000000000000        2.9760992576157137        2.0592283171004739     
         238           1   0.0000000000000000        57.000000000000000        59.000000000000000        4.8681332127941497        3.2913619773320484     
         239           1   0.0000000000000000        58.000000000000000        63.000000000000000        1.5494472962285164       0.97021288295006736     
         240           1   0.0000000000000000        70.000000000000000        65.000000000000000       -2.7341169956366467       -1.8346796967315115     
         241           1   0.0000000000000000        69.000000000000000        64.000000000000000       -2.0137385905419176       -1.2981647060895432     
         242           0        -999        -999        -999 -0.83396441571813029      -0.62075444789227463     
         243           0        -999        -999        -999 -0.57950067865788224      -0.38029959420293358     
         244           1   0.0000000000000000        72.000000000000000        65.000000000000000       -2.9231112885310448       -1.9475208712480445     
         245           0        -999        -999        -999   3.2587367721682217        2.1268087332586827     
         246           0        -999        -999        -999  -2.7692887508772503E-002   4.4700849426700717E-002
         247           1   0.0000000000000000        62.000000000000000        62.000000000000000        2.1809595546505181        1.4751943147210569     
         248           1   0.0000000000000000        62.000000000000000        60.000000000000000        3.5498046860174224        2.3752562663743211     
         249           1   0.0000000000000000        70.000000000000000        63.000000000000000      -0.47278140494222681      -0.33538899131561600     
         250           1   0.0000000000000000        70.000000000000000        68.000000000000000       -2.2117463637577282       -1.4584892740084976     
         251           1   0.0000000000000000        57.000000000000000        59.000000000000000        5.8325497473949417        3.9016558302810838     
         252           1   0.0000000000000000        64.000000000000000        62.000000000000000       0.50629425766472358       0.28898411730150164     
         253           1   0.0000000000000000        68.000000000000000        67.000000000000000       -1.2579972757790876      -0.84676102875322856     
         254           0        -999        -999        -999   1.4511531620921414       0.95942576642956723     
         255           1   0.0000000000000000        67.000000000000000        64.000000000000000       -8.7196677558140770E-002  -3.5026702055393162E-002
         256           0        -999        -999        -999  -3.3776123274169083       -2.2775476345913113     
         257           1   0.0000000000000000        62.000000000000000        62.000000000000000        2.2333005907872656        1.4974522185198293     
         258           1   0.0000000000000000        64.000000000000000        62.000000000000000        1.7464868576571144        1.2264179781410776     
         259           1   1.0000000000000000        67.000000000000000        65.000000000000000      -0.32380188507506769      -0.13221770741844055     
         260           1   0.0000000000000000        73.000000000000000        69.000000000000000       -6.0352482870755715       -3.9889581933041018     
         261           1   0.0000000000000000        62.000000000000000        62.000000000000000        1.8620597088498589        1.1910477688241907     
         262           1   0.0000000000000000        69.000000000000000        63.000000000000000       -1.3783260268187256      -0.90854587147379329     
         263           1   0.0000000000000000        61.000000000000000        60.000000000000000        3.5590788097351020        2.4872811424217991     
         264           1   0.0000000000000000        74.000000000000000        67.000000000000000       -3.7560523131268160       -2.5063903807806711     
         265           1   0.0000000000000000        57.000000000000000        61.000000000000000        4.7492641742744199        3.1235579393346184     
         266           1   0.0000000000000000        70.000000000000000        65.000000000000000       -2.9648505877902847       -1.9825854508019176     
         267           1   0.0000000000000000        57.000000000000000        56.000000000000000        6.9088358067098179        4.6598597571288858     
         268           1   0.0000000000000000        62.000000000000000        63.000000000000000        1.0266804142311385       0.72914025612107836     
         269           1   0.0000000000000000        62.000000000000000        58.000000000000000        5.2216857915404127        3.5688987231280755     
         270           1   0.0000000000000000        64.000000000000000        62.000000000000000        1.5131019745645760        1.0326982533632700     
         271           1   0.0000000000000000        63.000000000000000        64.000000000000000       0.26098870770614729       0.14238479211634131     
         272           0        -999        -999        -999  0.29832455043228356       0.22237368606519567     
         273           1   0.0000000000000000        64.000000000000000        64.000000000000000       0.24525203701511916       0.18348892436272674     
         274           1   0.0000000000000000        76.000000000000000        65.000000000000000        1.9861579128265978        1.3238742476753194     
         275           1   0.0000000000000000        68.000000000000000        65.000000000000000       -1.1561157280192673      -0.82073145225462751     
         276           1   0.0000000000000000        62.000000000000000        62.000000000000000       0.56666806219202170       0.35775867585719695     
         277           0        -999        -999        -999  -3.3378747657958813E-002  -6.1787509171519074E-002
         278           1   0.0000000000000000        71.000000000000000        67.000000000000000       -3.5309774135556444       -2.3558382021119249     
         279           1   0.0000000000000000        73.000000000000000        68.000000000000000       -5.2021202871497021       -3.5201735177993414     
         280           1   0.0000000000000000        68.000000000000000        65.000000000000000       -1.9892992154077842       -1.3177280343883297     
         281           1   0.0000000000000000        68.000000000000000        65.000000000000000       -1.2208315913936907      -0.77197496824715917     
         282           1   0.0000000000000000        56.000000000000000        60.000000000000000        5.4054733093900982        3.5786466142445339     
         283           1   0.0000000000000000        69.000000000000000        66.000000000000000       -1.8049173357112664       -1.1988420170169041     
         284           1   0.0000000000000000        61.000000000000000        62.000000000000000        2.9675430357947317        2.0194574395543272     
         285           1   0.0000000000000000        62.000000000000000        61.000000000000000        2.5348688484559596        1.7008755324740656     
         286           1   0.0000000000000000        71.000000000000000        65.000000000000000       -2.9236211528668217       -1.9070210455005669     
         287           1   0.0000000000000000        72.000000000000000        66.000000000000000       -2.3211289193919367       -1.5807411955282993     
         288           1   0.0000000000000000        70.000000000000000        65.000000000000000       -2.2794185720648596       -1.4962789675790558     
         289           1   0.0000000000000000        62.000000000000000        62.000000000000000        3.8752807042299442        2.5004350906121213     
         290           0        -999        -999        -999  -2.8185277065516412       -1.8714059019381508     
         291           0        -999        -999        -999  -5.2435898000566965       -3.5087737320506123     
         292           1   0.0000000000000000        71.000000000000000        67.000000000000000       -3.0452172428572739       -1.9811314365862398     
         293           1   0.0000000000000000        71.000000000000000        66.000000000000000       -2.9775479462718151       -1.9912736095057144     
         294           1   0.0000000000000000        64.000000000000000        60.000000000000000        2.5134216613723419        1.6610471955499313     
         295           1   0.0000000000000000        66.000000000000000        64.000000000000000      -0.86795805827536288      -0.50806462267539176     
         296           0        -999        -999        -999  0.42207911358469674       0.25495660008357662     
         297           1   1.0000000000000000        73.000000000000000        68.000000000000000       -4.3445537929239499       -2.8260308963088487     
         298           1   0.0000000000000000        68.000000000000000        73.000000000000000       -3.0520431459157100       -2.0443185622996820     
         299           1   0.0000000000000000        70.000000000000000        64.000000000000000       -2.3992559644530473       -1.5869566631377634     
         300           1   0.0000000000000000        69.000000000000000        65.000000000000000       -1.3568272745525209      -0.86043297580623745     
         301           1   1.0000000000000000        62.000000000000000        62.000000000000000        3.2462120084982162        2.2165004619214925     
         302           1   0.0000000000000000        69.000000000000000        68.000000000000000       -3.2655279404924813       -2.1836533235134099     
         303           1   0.0000000000000000        69.000000000000000        64.000000000000000       -1.6260126317575592       -1.1060419103938799     
         304           1   0.0000000000000000        74.000000000000000        70.000000000000000       -4.9228694393300110       -3.3023252194784276     
         305           1   0.0000000000000000        62.000000000000000        62.000000000000000        1.8888637845280356        1.2457667879262153     
         306           1   0.0000000000000000        63.000000000000000        64.000000000000000       0.21730605698663943       0.11346988270602906     
         307           0        -999        -999        -999   2.6939310486986590        1.8538671521015575     
         308           1   0.0000000000000000        62.000000000000000        62.000000000000000        1.2923186045625212       0.87228182655469189     
         309           1   0.0000000000000000        70.000000000000000        65.000000000000000       -1.9885397317619544       -1.3397141474391381     
         310           1   0.0000000000000000        67.000000000000000        67.000000000000000       -1.4594020281070010       -1.0214520138269285     
         311           1   0.0000000000000000        62.000000000000000        62.000000000000000        2.1312026148240069        1.4172012879653024     
         312           1   1.0000000000000000        62.000000000000000        59.000000000000000        2.1659029022851142        1.4024978339932728     
         313           1   0.0000000000000000        71.000000000000000        68.000000000000000       -2.0729899257068856       -1.3688579346430070     
         314           0        -999        -999        -999  -1.5586714591645638       -1.0202486361880430     
         315           1   0.0000000000000000        67.000000000000000        65.000000000000000      -0.68483917624004120      -0.48789161954689042     
         316           1   0.0000000000000000        74.000000000000000        65.000000000000000       -2.4304443168673835       -1.5570662546166705     
         317           0        -999        -999        -999  -1.7897313822499135       -1.1956617107848502     
         318           1   0.0000000000000000        63.000000000000000        63.000000000000000        9.7851430726358116E-002   4.1192218200465591E-002
         319           1   0.0000000000000000        74.000000000000000        69.000000000000000       -4.2105946017111782       -2.8190796952479462     
         320           0        -999        -999        -999   3.9530658186712562        2.7392024220038653     
         321           1   0.0000000000000000        60.000000000000000        62.000000000000000        3.2734771818200095        2.1689827689092622     
         322           0        -999        -999        -999  0.48340433099830860       0.27947538417495332     
         323           0        -999        -999        -999  -3.9550554264937010       -2.6820390785557362     
         324           1   0.0000000000000000        65.000000000000000        63.000000000000000       0.38557889376441251       0.26300837923576637     
         325           1   0.0000000000000000        70.000000000000000        65.000000000000000       -2.8184951867146508       -1.8924139116977210     
         326           0        -999        -999        -999  0.67745032282250217       0.43733468545932619     
         327           1   0.0000000000000000        62.000000000000000        61.000000000000000        2.0690076285943597        1.3732293390741808     
         328           1   0.0000000000000000        70.000000000000000        61.000000000000000       -1.2362977762233345      -0.74201610440071653     
         329           1   0.0000000000000000        65.000000000000000        59.000000000000000        1.0338739861549930       0.67574158977856802     
         330           1   0.0000000000000000        73.000000000000000        70.000000000000000       -4.9489474634832309       -3.1795157981466273     
         331           0        -999        -999        -999 -0.18911219520599903      -0.19613760130515906     
         332           1   0.0000000000000000        62.000000000000000        59.000000000000000        2.7227655666881159        1.7851362945684375     
         333           1   0.0000000000000000        61.000000000000000        63.000000000000000       0.90813890758569304       0.60639381680931248     
         334           1   0.0000000000000000        72.000000000000000        68.000000000000000       -4.7013001028834474       -3.2276548373594536     
         335           1   0.0000000000000000        67.000000000000000        64.000000000000000       -1.2591662328775557      -0.92743383129623769     
         336           0        -999        -999        -999   1.5972148093609375        1.0925864555567948     
         337           1   0.0000000000000000        69.000000000000000        59.000000000000000        1.4047961250650771       0.97770060098009526     
         338           0        -999        -999        -999  -3.8790334311958721       -2.5844121113507987     
         339           1   0.0000000000000000        60.000000000000000        58.000000000000000        3.3711314176379545        2.2900134755712860     
         340           1   0.0000000000000000        67.000000000000000        63.000000000000000        7.9385306453096341E-002   9.9707090672673734E-002
         341           1   0.0000000000000000        72.000000000000000        67.000000000000000       -5.2675200536721443       -3.5531224788099856     
         342           1   0.0000000000000000        74.000000000000000        69.000000000000000       -4.2047453612052381       -2.7782018605284220     
         343           1   0.0000000000000000        61.000000000000000        62.000000000000000        2.0149980114364299        1.3545573552423926     
         344           1   0.0000000000000000        67.000000000000000        59.000000000000000       0.75634393827714264       0.50942714282701085     
         345           0        -999        -999        -999   2.7990365706925395        1.9087915864428815     
         346           1   0.0000000000000000        72.000000000000000        67.000000000000000       -4.1651892835878090       -2.7714726841788875     
         347           1   0.0000000000000000        68.000000000000000        67.000000000000000       -3.1412536326059732       -2.1339527570849297     
         348           0        -999        -999        -999  -1.8996419501776058       -1.2525750148075061     
         349           1   0.0000000000000000        62.000000000000000        59.000000000000000        1.7635723155610150        1.1853139759650544     
         350           1   0.0000000000000000        64.000000000000000        64.000000000000000      -0.60626388658635422      -0.44575267189382911     
         351           1   1.0000000000000000        62.000000000000000        62.000000000000000        1.8422779353766603        1.2388697383114162     
         352           0        -999        -999        -999   2.6090336275905526        1.7365761924326018     
         353           1   0.0000000000000000        68.000000000000000        64.000000000000000       -8.1571581337456761E-002  -3.0886083440056621E-002
         354           1   0.0000000000000000        69.000000000000000        67.000000000000000       -2.4188895826398156       -1.5859379500988739     
         355           1   0.0000000000000000        61.000000000000000        61.000000000000000        3.2180272177151967        2.0995019205776155     
         356           1   0.0000000000000000        71.000000000000000        67.000000000000000       -3.4185673384890127       -2.2623040671068919     
         357           1   0.0000000000000000        67.000000000000000        62.000000000000000      -0.30148605527466676      -0.19776770520125597     
         358           1   0.0000000000000000        76.000000000000000        69.000000000000000       -4.3020142150774721       -2.8514617172016816     
         359           0        -999        -999        -999 -0.92804982958622584      -0.61600540031794149     
         360           1   0.0000000000000000        68.000000000000000        62.000000000000000       -1.3671679134562695      -0.91476069476263233     
         361           1   0.0000000000000000        70.000000000000000        63.000000000000000       -2.7703447891546547       -1.7963809946530997     
         362           1   0.0000000000000000        62.000000000000000        58.000000000000000        2.4304065606075782        1.6428963129620222     
         363           0        -999        -999        -999   4.6524611121344357        3.0654340954299948     
         364           0        -999        -999        -999  -1.6274141895525167       -1.0278124482078346     
         365           1   0.0000000000000000        68.000000000000000        66.000000000000000       -1.8651106274386797       -1.2523524607574725     
         366           0        -999        -999        -999   2.6577587352752126        1.7955055324074616     
         367           1   0.0000000000000000        67.000000000000000        64.000000000000000      -0.54509698266650641      -0.34353883075294872     
         368           1   0.0000000000000000        74.000000000000000        68.000000000000000       -4.7296492998272663       -3.2032339914189270     
         369           0        -999        -999        -999   1.2538729562601743       0.78939878386986817     
         370           1   0.0000000000000000        71.000000000000000        66.000000000000000       -3.6357976670708143       -2.4558460775584821     
         371           1   0.0000000000000000        65.000000000000000        64.000000000000000       0.29315662210613658        9.2260461089002974E-002
         372           0        -999        -999        -999   2.6023508353792608        1.7201997166135032     
         373           1   0.0000000000000000        65.000000000000000        65.000000000000000       -1.2678469292858399      -0.96399970037765470     
         374           1   0.0000000000000000        61.000000000000000        62.000000000000000        2.3879930042254203        1.6130709094502771     
         375           1   1.0000000000000000        67.000000000000000        66.000000000000000      -0.81343025170140426      -0.57941329246683582     
         376           1   0.0000000000000000        69.000000000000000        63.000000000000000       0.96486108113852154       0.59190073728174442     
         377           1   0.0000000000000000        64.000000000000000        62.000000000000000        7.5318389578233488E-002  -5.3754009349900001E-003
         378           1   1.0000000000000000        61.000000000000000        60.000000000000000        4.7216074353671420        3.0803940463131001     
         379           1   1.0000000000000000        68.000000000000000        66.000000000000000       -1.6787472206691221       -1.1635067584174101     
         380           1   0.0000000000000000        63.000000000000000        62.000000000000000        1.4424290770729644       0.97158961808524869     
         381           1   0.0000000000000000        70.000000000000000        64.000000000000000       -1.5753511518865042       -1.0492536646201140     
         382           1   0.0000000000000000        68.000000000000000        64.000000000000000      -0.94835164767663160      -0.59390963639127203     
         383           1   0.0000000000000000        62.000000000000000        62.000000000000000        2.6343034221205617        1.7245154661657267     
         384           1   0.0000000000000000        72.000000000000000        66.000000000000000       -4.4555314848402050       -2.8919239953023412     
         385           1   0.0000000000000000        72.000000000000000        69.000000000000000       -3.9841771586432544       -2.6581028658257431     
         386           0        -999        -999        -999   2.2587335461085134        1.5125869767974469     
         387           0        -999        -999        -999   1.5667907131918801        1.0110639243625901     
         388           1   0.0000000000000000        64.000000000000000        62.000000000000000        1.6964170849821287        1.1913658687595210     
         389           0        -999        -999        -999   3.4846161443635775        2.3349287972789692     
         390           1   0.0000000000000000        67.000000000000000        64.000000000000000      -0.32025493512852365      -0.26076272301770181     
         391           0        -999        -999        -999 -0.86097158564578924      -0.50361237668512604     
         392           1   0.0000000000000000        58.000000000000000        59.000000000000000        5.4385586808537161        3.5186689478889610     
         393           1   0.0000000000000000        72.000000000000000        66.000000000000000       -2.9359018749826702       -1.9974591399618071     
         394           1   0.0000000000000000        61.000000000000000        65.000000000000000       0.22935757244598792        8.4546830599283668E-002
         395           1   0.0000000000000000        63.000000000000000        64.000000000000000      -0.10139003024367810      -0.10730987763546260     
         396           1   1.0000000000000000        57.000000000000000        55.000000000000000        9.7571206305767948        6.4958019415666506     
         397           0        -999        -999        -999  0.52676780132178203       0.33096613002441427     
         398           1   1.0000000000000000        62.000000000000000        62.000000000000000        2.2868961038929325        1.5606182427943944     
         399           1   0.0000000000000000        58.000000000000000        59.000000000000000        5.8251701117566288        3.8788902868887010     
         400           1   0.0000000000000000        67.000000000000000        69.000000000000000      -0.53626073651001938      -0.32503628254167038     
         401           1   0.0000000000000000        71.000000000000000        65.000000000000000       -3.5987827986972873       -2.2655429397162661     
         402           1   0.0000000000000000        65.000000000000000        62.000000000000000       -1.0760341552808919      -0.71437083759475972     
         403           1   0.0000000000000000        73.000000000000000        68.000000000000000       -4.2512170967584142       -2.8712167368913915     
         404           1   1.0000000000000000        65.000000000000000        64.000000000000000      -0.24811536870856760      -0.13248737962530543     
         405           1   0.0000000000000000        62.000000000000000        62.000000000000000        2.3988624654371962        1.6233427895799886     
         406           0        -999        -999        -999  0.80335519278851075       0.45308276642520701     
         407           0        -999        -999        -999  -2.3693756811433713       -1.6081695755196137     
         408           1   0.0000000000000000        66.000000000000000        64.000000000000000       -1.7846501060658924       -1.1386816593777032     
         409           1   0.0000000000000000        62.000000000000000        62.000000000000000        2.7944739906881999        1.8227578811332017     
         410           1   1.0000000000000000        62.000000000000000        60.000000000000000        2.7643165357613464        1.8601980262563338     
         411           0        -999        -999        -999  -1.1248420346196064      -0.72995050162821773     
         412           1   0.0000000000000000        72.000000000000000        69.000000000000000       -4.8924459311317916       -3.3327784186516918     
         413           1   1.0000000000000000        67.000000000000000        63.000000000000000      -0.69194853801714218      -0.46872943375168341     
         414           1   0.0000000000000000        69.000000000000000        76.000000000000000       -4.4110058182889222       -2.9474491515115409     
         415           1   0.0000000000000000        64.000000000000000        65.000000000000000      -0.10211503535856371      -0.10944757734737122     
         416           1   0.0000000000000000        58.000000000000000        62.000000000000000        3.1497866146082254        2.0672013363323400     
         417           0        -999        -999        -999  -1.3283664961393002      -0.87530538178125805     
         418           0        -999        -999        -999  0.65857847551124027       0.45142020659162041     
         419           1   0.0000000000000000        73.000000000000000        65.000000000000000       -4.1050221145537815       -2.7307905287074736     
         420           1   0.0000000000000000        71.000000000000000        65.000000000000000       -4.4137915358828934       -2.8937853324260474     
         421           1   0.0000000000000000        67.000000000000000        61.000000000000000        1.2997003115787082       0.84925595137985099     
         422           0        -999        -999        -999  -1.0651324442032974      -0.66239399991011638     
         423           1   0.0000000000000000        62.000000000000000        60.000000000000000        2.4052184786314910        1.7159209617847866     
         424           1   0.0000000000000000        72.000000000000000        64.000000000000000       -2.8168687942353410       -1.8460221026165298     
         425           1   0.0000000000000000        67.000000000000000        64.000000000000000      -0.53920774713851294      -0.38526788178088833     
         426           1   0.0000000000000000        73.000000000000000        65.000000000000000       -3.8400490404730703       -2.5762797552306722     
         427           1   0.0000000000000000        73.000000000000000        66.000000000000000       -4.0990423822750852       -2.6650126784383872     
         428           1   0.0000000000000000        70.000000000000000        64.000000000000000       -2.0639926767080881       -1.4489796258250827     
         429           1   0.0000000000000000        76.000000000000000        69.000000000000000       -3.5252354222130844       -2.3358465521995284     
         430           0        -999        -999        -999   3.2163261478260718        2.0652900699379857     
         431           0        -999        -999        -999  0.97874629950317016       0.61613263290870257     
         432           1   1.0000000000000000        62.000000000000000        61.000000000000000        2.7687534926355961        1.8490234836236872     
         433           1   0.0000000000000000        69.000000000000000        65.000000000000000       0.12828849995277047        4.8687163560368639E-002
         434           1   0.0000000000000000        70.000000000000000        64.000000000000000       -2.4501398785925450       -1.6144751892755109     
         435           0        -999        -999        -999  -4.1191157096809983       -2.7722984656014260     
         436           1   1.0000000000000000        64.000000000000000        62.000000000000000        6.7657712227100389E-002   9.5712418443258299E-002
         437           1   0.0000000000000000        65.000000000000000        67.000000000000000      -0.33826716363637593      -0.17239886929542461     
         438           1   0.0000000000000000        62.000000000000000        62.000000000000000        1.7168089636621229        1.0754223524431812     
         439           1   1.0000000000000000        61.000000000000000        62.000000000000000        2.9351955838723591        2.0332378590142350     
         440           1   0.0000000000000000        69.000000000000000        60.000000000000000      -0.94882121923169749      -0.64457786145968810     
         441           1   1.0000000000000000        61.000000000000000        61.000000000000000        4.3827072807492069        2.8908155574117393     
         442           1   0.0000000000000000        71.000000000000000        69.000000000000000       -3.4398731629041088       -2.2485141856988777     
         443           0        -999        -999        -999  -4.0294894616296979       -2.6534370661876516     
         444           0        -999        -999        -999  -2.4125219585388944       -1.6297532782656978     
         445           0        -999        -999        -999   2.4334710578807823        1.6255148780096003     
         446           1   0.0000000000000000        67.000000000000000        64.000000000000000      -0.24076203392455525      -0.14092404540721357     
         447           1   0.0000000000000000        66.000000000000000        63.000000000000000      -0.36163148684157131      -0.28430488540519749     
         448           1   0.0000000000000000        62.000000000000000        60.000000000000000        2.5040202453403517        1.6784471030222796     
         449           1   0.0000000000000000        59.000000000000000        60.000000000000000        4.0239454687670904        2.6165403232066295     
         450           0        -999        -999        -999 -0.82527768463826445      -0.53877044681381914     
         451           0        -999        -999        -999  -4.0088386227223927       -2.6771977529237279     
         452           1   0.0000000000000000        62.000000000000000        62.000000000000000        1.7334204501001660        1.1407807041085660     
         453           1   0.0000000000000000        68.000000000000000        65.000000000000000       -2.0179897685176220       -1.3283535709378014     
         454           1   0.0000000000000000        67.000000000000000        63.000000000000000      -0.83101630552607342      -0.63222159037255699     
         455           1   0.0000000000000000        74.000000000000000        67.000000000000000       -4.5748238155754537       -3.0163258013653023     
         456           1   0.0000000000000000        69.000000000000000        62.000000000000000      -0.68173035643485813      -0.40494495093537253     
         457           1   0.0000000000000000        60.000000000000000        61.000000000000000        4.2682520202066749        2.8226389481432843     
         458           0        -999        -999        -999  -3.0433974840910514       -2.0665202923561523     
         459           0        -999        -999        -999  -2.4921033367092336       -1.6194923399427226     
         460           1   0.0000000000000000        72.000000000000000        66.000000000000000       -3.7744261189138228       -2.5538552403878758     
         461           1   0.0000000000000000        72.000000000000000        68.000000000000000       -3.7477101180058883       -2.5019743036017492     
         462           1   0.0000000000000000        74.000000000000000        70.000000000000000       -5.8722384958524199       -3.9570715990434953     
         463           1   0.0000000000000000        66.000000000000000        63.000000000000000      -0.57761590336959556      -0.44384022496630826     
         464           1   0.0000000000000000        62.000000000000000        65.000000000000000        2.1375347594372327        1.4206945480993902     
         465           1   0.0000000000000000        64.000000000000000        63.000000000000000        2.1216545818667374        1.3719484499493484     
         466           1   0.0000000000000000        67.000000000000000        65.000000000000000      -0.58037032246755116      -0.36768061347583414     
         467           0        -999        -999        -999   1.0352936925468050       0.62791468765192915     
         468           1   0.0000000000000000        64.000000000000000        62.000000000000000       0.53231741722495085       0.40289444131062752     
         469           0        -999        -999        -999   2.9123521181675085        2.0176206159174499     
         470           0        -999        -999        -999   5.7305810873105489E-002   3.1168550263328071E-002
         471           0        -999        -999        -999   3.2958512822720962        2.2222217880622201     
         472           1   0.0000000000000000        62.000000000000000        62.000000000000000        1.8592119166505168        1.1953008663883657     
         473           1   0.0000000000000000        72.000000000000000        65.000000000000000       0.20052685203226339       0.13376039430588382     
         474           1   1.0000000000000000        59.000000000000000        59.000000000000000        4.7684525910107176        3.1141537199188303     
         475           1   1.0000000000000000        62.000000000000000        61.000000000000000        1.9427504043435440        1.2809215507572902     
         476           1   0.0000000000000000        70.000000000000000        64.000000000000000       -2.3605357630062549E-003  -1.8025865449784458E-002
         477           1   1.0000000000000000        62.000000000000000        62.000000000000000        6.4895110766631614        4.4178599261276785     
         478           1   0.0000000000000000        68.000000000000000        63.000000000000000      -0.15363604981477222      -0.12756732535586754     
         479           1   0.0000000000000000        60.000000000000000        62.000000000000000        2.6446219475760104        1.7397944100391731     
         480           0        -999        -999        -999   2.2602316868683543        1.5119201417586967     
         481           0        -999        -999        -999  -4.1172628686377903       -2.8319410438843873     
         482           1   0.0000000000000000        65.000000000000000        62.000000000000000      -0.47036199520659272      -0.28815546500678657     
         483           0        -999        -999        -999 -0.72672733049468918      -0.46301029917227260     
         484           1   0.0000000000000000        72.000000000000000        68.000000000000000       -4.9686257161980363       -3.2213023254219935     
         485           1   1.0000000000000000        61.000000000000000        56.000000000000000        4.2891578314354781        2.8620183846801046     
         486           0        -999        -999        -999  -3.8276249500529618       -2.5611094138321708     
         487           1   0.0000000000000000        63.000000000000000        66.000000000000000      -0.21261905331032552      -0.14741132172935040     
         488           1   0.0000000000000000        62.000000000000000        60.000000000000000        2.8397117325961494        1.8808086956735059     
         489           0        -999        -999        -999  -4.3755425107560360       -2.8681267358298417     
         490           0        -999        -999        -999  -1.5087981699867461      -0.95078522589007830     
         491           1   0.0000000000000000        57.000000000000000        62.000000000000000        3.2908522142300183        2.2386069708661380     
         492           0        -999        -999        -999  -3.8734907994300163       -2.6038245269365827     
         493           1   0.0000000000000000        65.000000000000000        63.000000000000000       0.11686249825655558       0.11865799083215232     
         494           0        -999        -999        -999  -4.0556901889817212       -2.6782278309834351     
         495           1   0.0000000000000000        61.000000000000000        65.000000000000000        2.7087309804925623        1.8231361519743916     
         496           1   1.0000000000000000        70.000000000000000        66.000000000000000       -3.1677281282613650       -2.0986535708721101     
         497           1   0.0000000000000000        57.000000000000000        58.000000000000000        6.5090823432406548        4.4184538497788264     
         498           1   0.0000000000000000        64.000000000000000        62.000000000000000       0.12955065702022858        8.3257575332377265E-002
         499           1   0.0000000000000000        60.000000000000000        60.000000000000000        3.9628359416657544        2.6415609691873048     
         500           1   0.0000000000000000        71.000000000000000        66.000000000000000       -2.3804116432754991       -1.5960525520784066     
         501           1   0.0000000000000000        72.000000000000000        66.000000000000000       -3.6515393529759788       -2.4515063742121495     
         502           1   0.0000000000000000        65.000000000000000        64.000000000000000      -0.23602580979141352      -0.13555987454581100     
         503           1   0.0000000000000000        69.000000000000000        63.000000000000000       -2.2143119098102817       -1.4842392568091956     
         504           0        -999        -999        -999  -1.1764234059937437      -0.77031164057486778     
         505           1   0.0000000000000000        62.000000000000000        62.000000000000000        2.0572695517444068        1.3382430636385600     
         506           0        -999        -999        -999  -1.1110087845056564      -0.72656102907007125     
         507           1   0.0000000000000000        69.000000000000000        65.000000000000000       -1.3844116363790968      -0.97564739582691440     
         508           1   0.0000000000000000        67.000000000000000        62.000000000000000      -0.57171357222385599      -0.40443749842334858     
         509           1   0.0000000000000000        54.000000000000000        58.000000000000000        6.8859637593877290        4.6386457107508265     
         510           1   0.0000000000000000        63.000000000000000        61.000000000000000        1.7342319919979852        1.1473614695551422     
         511           1   0.0000000000000000        73.000000000000000        68.000000000000000       -4.2686584968871708       -2.8084742416221644     
         512           1   0.0000000000000000        63.000000000000000        63.000000000000000        1.2399064326622102       0.82032741342283222     
         513           1   0.0000000000000000        69.000000000000000        64.000000000000000       -1.9667236618097332       -1.3842209295066150     
         514           1   0.0000000000000000        65.000000000000000        62.000000000000000        1.0535215640229336       0.68607883096455846     
         515           1   0.0000000000000000        72.000000000000000        67.000000000000000       -4.6861593060736748       -3.0053358007517375     
         516           1   0.0000000000000000        62.000000000000000        61.000000000000000        1.9795968774057968        1.3406377897542392     
         517           1   1.0000000000000000        64.000000000000000        62.000000000000000       0.86638756213135937       0.54311410183018405     
         518           1   1.0000000000000000        62.000000000000000        61.000000000000000        2.4817381174847437        1.6501917709659975     
         519           1   0.0000000000000000        62.000000000000000        62.000000000000000       0.94061141657179315       0.63018649487331568     
         520           1   0.0000000000000000        62.000000000000000        62.000000000000000       0.87994994971213414       0.60076080882601079     
         521           1   0.0000000000000000        59.000000000000000        64.000000000000000        3.4356466015787146        2.2214731602375402     
         522           1   0.0000000000000000        62.000000000000000        62.000000000000000        1.4688762440110630       0.96878069439058012     
         523           1   0.0000000000000000        59.000000000000000        61.000000000000000        4.0718671967038595        2.7610771741837721     
         524           1   0.0000000000000000        69.000000000000000        64.000000000000000       -1.1007259803563105      -0.77437560606160427     
         525           1   0.0000000000000000        72.000000000000000        67.000000000000000       -4.2393062514880686       -2.8355062170900491     
         526           1   0.0000000000000000        62.000000000000000        62.000000000000000       0.82143995144000281       0.49933351831639317     
         527           0        -999        -999        -999  -4.1748162876714048       -2.7576806840309529     
         528           0        -999        -999        -999  -3.8417194795078085       -2.4928848476669088     
         529           1   0.0000000000000000        69.000000000000000        66.000000000000000       -1.9071645004030966       -1.2609667121961659     
         530           1   0.0000000000000000        70.000000000000000        64.000000000000000       -3.5036656204258416       -2.3131850811237560     
         531           0        -999        -999        -999   3.1716233470156845        2.1239452176995939     
         532           1   0.0000000000000000        61.000000000000000        60.000000000000000        3.3200300302766728        2.1954533640749148     
         533           1   0.0000000000000000        59.000000000000000        57.000000000000000        4.9190285245342285        3.3253669572270246     
         534           1   0.0000000000000000        67.000000000000000        66.000000000000000       -2.2672328735780813       -1.5449059435275683     
         535           1   0.0000000000000000        62.000000000000000        62.000000000000000        1.6081765574563145       0.99068079752621907     
         536           1   0.0000000000000000        62.000000000000000        63.000000000000000       0.90145362383858030       0.63286839862261945     
         537           1   0.0000000000000000        69.000000000000000        68.000000000000000       -1.3872880591943031      -0.95811604734980338     
         538           0        -999        -999        -999  -5.0489317875605702       -3.3292184787875487     
         539           1   0.0000000000000000        68.000000000000000        63.000000000000000       -2.0248525818990131       -1.3165858419082437     
         540           0        -999        -999        -999  -1.5123658583478636       -1.0439890439742083     
         541           0        -999        -999        -999  -4.1953371943937530       -2.7294379089027876     
         542           0        -999        -999        -999   3.1746143621439784        2.1031073432660552     
         543           1   0.0000000000000000        65.000000000000000        64.000000000000000       -9.0269678946692078E-002  -2.7188723746074027E-002
         544           1   0.0000000000000000        59.000000000000000        58.000000000000000        4.8255198653513069        3.1859639494331464     
         545           1   0.0000000000000000        62.000000000000000        60.000000000000000        2.7404390602361559        1.8863647452241414     
         546           1   0.0000000000000000        67.000000000000000        62.000000000000000      -0.38385265785404349      -0.25236158076122533     
         547           1   0.0000000000000000        60.000000000000000        60.000000000000000        4.0765307314776447        2.6770763386625851     
         548           1   0.0000000000000000        70.000000000000000        68.000000000000000       -2.7136821805389468       -1.7927015496989365     
         549           0        -999        -999        -999   2.6747779540007137        1.7634936777125392     
         550           1   0.0000000000000000        68.000000000000000        65.000000000000000       -1.4040945381335714      -0.91019656615819633     
         551           0        -999        -999        -999  -5.3761656917565697       -3.5722244708859727     
         552           1   0.0000000000000000        69.000000000000000        66.000000000000000       -2.7690594356113873       -1.8048597625616043     
         553           1   0.0000000000000000        60.000000000000000        58.000000000000000        3.7716128247242424        2.5124275451866502     
         554           1   0.0000000000000000        72.000000000000000        69.000000000000000       -4.1061127294132813       -2.7692733057407004     
         555           1   0.0000000000000000        69.000000000000000        63.000000000000000       -2.2725030521093914       -1.4902258781383306     
         556           1   0.0000000000000000        69.000000000000000        64.000000000000000      -0.99322008661226713      -0.63916608324894653     
         557           1   0.0000000000000000        68.000000000000000        66.000000000000000       -1.4283000672725641      -0.93952553963193086     
         558           1   0.0000000000000000        58.000000000000000        58.000000000000000        4.7842215208119212        3.1321618433368905     
         559           1   0.0000000000000000        59.000000000000000        63.000000000000000        1.4556153141586363       0.99612613853182186     
         560           1   0.0000000000000000        62.000000000000000        61.000000000000000        1.7053407901117661        1.2317724077676797     
         561           1   0.0000000000000000        72.000000000000000        69.000000000000000       -4.3415090771720717       -2.8373204537625902     
         562           1   0.0000000000000000        56.000000000000000        54.000000000000000        7.1003739390281320        4.8015353770506017     
         563           1   0.0000000000000000        70.000000000000000        68.000000000000000       -3.5323278213619802       -2.2937960617962152     
         564           1   0.0000000000000000        65.000000000000000        61.000000000000000       0.32553469459793577       0.26978587191146863     
         565           1   0.0000000000000000        62.000000000000000        57.000000000000000        3.0619977079902223        2.0198722304393351     
         566           1   0.0000000000000000        74.000000000000000        69.000000000000000       -5.2441930674949333       -3.4644650283386671     
         567           1   0.0000000000000000        70.000000000000000        64.000000000000000       -1.9655938134208517       -1.2351847082901777     
         568           0        -999        -999        -999  -1.2273034949919448      -0.90161902253551862     
         569           0        -999        -999        -999  -1.4842447273188091       -1.0260898392283857     
         570           1   0.0000000000000000        72.000000000000000        68.000000000000000       -4.6530242352942679       -3.1033553834942462     
         571           1   1.0000000000000000        60.000000000000000        60.000000000000000        3.2803779729393261        2.1686969508399292     
         572           1   0.0000000000000000        62.000000000000000        62.000000000000000        1.5871178563653898        1.0328040233193194     
         573           1   0.0000000000000000        70.000000000000000        66.000000000000000       -2.9244793464379200       -1.8686371678704574     
         574           1   0.0000000000000000        54.000000000000000        59.000000000000000        6.5700778769141923        4.3737807032983866     
         575           1   0.0000000000000000        66.000000000000000        63.000000000000000       0.13232737436342995       0.11594383755288437     
         576           1   1.0000000000000000        62.000000000000000        62.000000000000000        2.5210156765873157        1.6414569953026976     
         577           1   0.0000000000000000        63.000000000000000        61.000000000000000        1.6054995275363453        1.1020482153228210     
         578           1   0.0000000000000000        57.000000000000000        61.000000000000000        4.6374193125351528        3.0403238748856056     
         579           1   0.0000000000000000        63.000000000000000        60.000000000000000        2.8135277371018619        1.7958055989543029     
         580           1   0.0000000000000000        67.000000000000000        64.000000000000000       0.86552355683947324       0.57825517331109855     
         581           0        -999        -999        -999  -1.0489761457744666      -0.74486605071897016     
         582           1   1.0000000000000000        64.000000000000000        60.000000000000000       0.87725595437391080       0.53914513190687741     
         583           1   0.0000000000000000        70.000000000000000        62.000000000000000       -1.8688948507934280       -1.1683139121655659     
         584           0        -999        -999        -999   1.1391533308560384       0.74643291478510010     
         585           1   0.0000000000000000        63.000000000000000        60.000000000000000        1.1369345450739528       0.71544889824938096     
         586           1   0.0000000000000000        70.000000000000000        62.000000000000000       -2.0257293620723300       -1.3686798874483912     
         587           1   0.0000000000000000        69.000000000000000        66.000000000000000       -1.4797555897360632      -0.98571236250185645     
         588           1   0.0000000000000000        69.000000000000000        64.000000000000000       -2.4902576728065116       -1.7252053385446220     
         589           1   0.0000000000000000        67.000000000000000        62.000000000000000      -0.64748633392394761      -0.45674507495625877     
         590           1   0.0000000000000000        69.000000000000000        67.000000000000000       -2.9209613406692490       -1.9667348651841590     
         591           0        -999        -999        -999   3.4929979736351409        2.4627548641111852     
         592           1   0.0000000000000000        68.000000000000000        64.000000000000000       -1.9766900658420081       -1.3486815351422079     
         593           1   0.0000000000000000        73.000000000000000        68.000000000000000       -3.6447280803588069       -2.4315180678957855     
         594           0        -999        -999        -999  -1.0870252432095284      -0.69851260226075662     
         595           1   0.0000000000000000        62.000000000000000        62.000000000000000        1.4828841995759803        1.0431898452507791     
         596           1   0.0000000000000000        70.000000000000000        68.000000000000000       -4.4061677620528243       -2.9472673487506142     
         597           1   0.0000000000000000        61.000000000000000        62.000000000000000        2.6564671236411708        1.7977978102300998     
         598           0        -999        -999        -999  0.54770127004656599       0.41619551937902094     
         599           0        -999        -999        -999 -0.95354849497364380      -0.64885441929935483     
         600           1   0.0000000000000000        72.000000000000000        69.000000000000000       -5.4689303541706682       -3.6749042118386166     
         601           0        -999        -999        -999 -0.44527961224782986      -0.33061553016713946     
         602           1   1.0000000000000000        68.000000000000000        65.000000000000000       -1.3116303805297289      -0.88612283214799836     
         603           1   0.0000000000000000        60.000000000000000        57.000000000000000        3.9830637722953277        2.6350460484617035     
         604           1   0.0000000000000000        67.000000000000000        64.000000000000000      -0.58041986738581319      -0.34626285513203348     
