           1           1   0.0000000000000000        71.000000000000000        68.000000000000000       -2.1418247356120577       -1.4318972100734739     
           2           1   0.0000000000000000        73.000000000000000        69.000000000000000       -2.5728286336692605       -1.7582214766206803     
           3           1   0.0000000000000000        70.000000000000000        69.000000000000000       -3.0240625737311375       -2.0726702350195625     
           4           0        -999        -999        -999   1.7356192384265876        1.1866617738271830     
           5           1   0.0000000000000000        62.000000000000000        62.000000000000000        1.5641277999392083       0.99402745288182603     
           6           1   0.0000000000000000        72.000000000000000        65.000000000000000       -2.0524713437666384       -1.4432548865837938     
           7           0        -999        -999        -999  -1.0193665154677161      -0.71069256799008396     
           8           1   0.0000000000000000        67.000000000000000        62.000000000000000       0.65303253615246215       0.49309213025680476     
           9           1   0.0000000000000000        68.000000000000000        66.000000000000000      -0.35498029333279957      -0.27414745073657359     
          10           0        -999        -999        -999  0.33991001190229142       0.24131287396787027     
          11           1   1.0000000000000000        64.000000000000000        62.000000000000000        1.2536328805580783       0.78066026597254345     
          12           1   0.0000000000000000        68.000000000000000        67.000000000000000      -0.67381441797282560      -0.47381980314665084     
          13           1   0.0000000000000000        72.000000000000000        68.000000000000000       -3.5908706218341320       -2.5127199192532448     
          14           1   0.0000000000000000        69.000000000000000        68.000000000000000      -0.86292405144373230      -0.62795738265987200     
          15           1   0.0000000000000000        62.000000000000000        60.000000000000000        3.6757455857226251        2.5832233096752333     
          16           1   0.0000000000000000        66.000000000000000        69.000000000000000      -0.40908691328043084      -0.28970529611884238     
          17           1   0.0000000000000000        64.000000000000000        62.000000000000000        1.1111541907032056       0.72706687914978385     
          18           1   0.0000000000000000        62.000000000000000        62.000000000000000        1.4234951910757858       0.95439109956505053     
          19           0        -999        -999        -999 -0.46328810117352609      -0.33771042246519978     
          20           1   0.0000000000000000        60.000000000000000        63.000000000000000        1.7546527137007635        1.2355426691688758     
          21           1   0.0000000000000000        62.000000000000000        57.000000000000000        3.6745112892886236        2.4790259481549124     
          22           1   0.0000000000000000        69.000000000000000        67.000000000000000      -0.79227497805074765      -0.52699210997819801     
          23           1   0.0000000000000000        61.000000000000000        63.000000000000000        1.9587530944843414        1.3843243810180992     
          24           1   0.0000000000000000        71.000000000000000        66.000000000000000       -2.1808971824532075       -1.5004986362632144     
          25           0        -999        -999        -999  -1.7313745794803512       -1.1721389729891261     
          26           1   0.0000000000000000        73.000000000000000        70.000000000000000       -3.1081696278179010       -2.0834312523476850     
          27           1   0.0000000000000000        60.000000000000000        60.000000000000000        3.8615017204023458        2.6732620268020457     
          28           1   0.0000000000000000        65.000000000000000        62.000000000000000        1.2383435271211618       0.82935437620736641     
          29           1   0.0000000000000000        63.000000000000000        64.000000000000000       0.79433022240773088       0.51527367786611211     
          30           1   0.0000000000000000        61.000000000000000        60.000000000000000        3.6855300043405426        2.5347373413798100     
          31           1   0.0000000000000000        67.000000000000000        64.000000000000000       0.20617477200139739       0.10048869846759684     
          32           1   0.0000000000000000        72.000000000000000        69.000000000000000       -2.8971602245004884       -2.0613218257689763     
          33           1   0.0000000000000000        69.000000000000000        67.000000000000000       -1.7777872582471108       -1.2374666093564335     
          34           1   0.0000000000000000        60.000000000000000        62.000000000000000        3.0916241856918667        2.1285464437423616     
          35           0        -999        -999        -999   3.9248177779568811        2.7478809338410599     
          36           0        -999        -999        -999  0.84146352078592357       0.59335442208383116     
          37           1   0.0000000000000000        73.000000000000000        66.000000000000000       -2.2425628509046467       -1.5462031778560175     
          38           1   0.0000000000000000        60.000000000000000        60.000000000000000        4.0004790108325068        2.7195433177055195     
          39           0        -999        -999        -999 -0.37750970626619990      -0.32268188328054415     
          40           1   0.0000000000000000        62.000000000000000        65.000000000000000        2.0588106071585957        1.4656808447866352     
          41           1   0.0000000000000000        75.000000000000000        66.000000000000000       -2.0771944357785159       -1.3869137085550562     
          42           0        -999        -999        -999   1.8780059665501927        1.3103874222192742     
          43           1   0.0000000000000000        70.000000000000000        68.000000000000000       -1.8715351195301153       -1.2875839176556061     
          44           1   0.0000000000000000        62.000000000000000        63.000000000000000        2.2404337646922432        1.4581426166098908     
          45           1   0.0000000000000000        72.000000000000000        68.000000000000000       -2.7554961668626623       -1.8643346516337527     
          46           1   0.0000000000000000        72.000000000000000        68.000000000000000       -2.3574775601576725       -1.6773719617348299     
          47           0        -999        -999        -999 -0.41753123023172756      -0.28192584516205477     
          48           1   1.0000000000000000        63.000000000000000        62.000000000000000        2.1745802830767533        1.4338462867514892     
          49           0        -999        -999        -999   5.0039893040458159        3.3991962074512769     
          50           0        -999        -999        -999  -3.4992854000757427       -2.4219841830419870     
          51           1   0.0000000000000000        64.000000000000000        65.000000000000000       0.18704737205816241       0.17585725445929690     
          52           1   0.0000000000000000        71.000000000000000        68.000000000000000       -2.3275500915242446       -1.6267968776655004     
          53           1   0.0000000000000000        63.000000000000000        60.000000000000000        3.1042569760869507        2.1219933685349535     
          54           1   0.0000000000000000        67.000000000000000        65.000000000000000      -0.48103231974628430      -0.33041783803765112     
          55           1   1.0000000000000000        71.000000000000000        69.000000000000000       -2.3401438627325781       -1.5815334404583357     
          56           1   0.0000000000000000        70.000000000000000        67.000000000000000       -2.6347629285636525       -1.7864272070524223     
          57           0        -999        -999        -999  -2.5141839339833347       -1.7703418135933924     
          58           1   0.0000000000000000        63.000000000000000        62.000000000000000        2.5069048312395998        1.6806042914787807     
          59           1   0.0000000000000000        60.000000000000000        63.000000000000000        2.7103654225283575        1.8444343031669661     
          60           1   0.0000000000000000        58.000000000000000        59.000000000000000        3.5796242532551945        2.5498166206867179     
          61           0        -999        -999        -999  -2.7962528347688824       -1.9157618485878314     
          62           1   0.0000000000000000        73.000000000000000        70.000000000000000       -2.6367438228471793       -1.7571686511247833     
          63           1   0.0000000000000000        59.000000000000000        62.000000000000000        3.6561173376409459        2.4407731161477018     
          64           1   0.0000000000000000        62.000000000000000        62.000000000000000        1.4597258974044900       0.97304769063838448     
          65           0        -999        -999        -999   3.4216593543556337        2.3874733015131757     
          66           1   0.0000000000000000        64.000000000000000        68.000000000000000      -0.60624091054799700      -0.43918538290840070     
          67           0        -999        -999        -999  0.22275657978713345       0.12280922960332377     
          68           1   0.0000000000000000        67.000000000000000        63.000000000000000      -0.30858700221276619      -0.22654345750243418     
          69           1   1.0000000000000000        72.000000000000000        67.000000000000000       -1.9843921380920504       -1.3484224826888953     
          70           1   1.0000000000000000        60.000000000000000        60.000000000000000        4.2609394303896968        2.8848919981946519     
          71           1   0.0000000000000000        68.000000000000000        70.000000000000000       -2.0783243696034672       -1.3541805271535328     
          72           1   0.0000000000000000        70.000000000000000        67.000000000000000       -1.0814763621728845      -0.73030478637330853     
          73           1   0.0000000000000000        64.000000000000000        70.000000000000000       0.11536062083966941        3.0922656051771601E-002
          74           0        -999        -999        -999  -1.0886567720203832      -0.79109118218143526     
          75           1   0.0000000000000000        67.000000000000000        67.000000000000000       0.51568359481047399       0.33171930340435757     
          76           1   1.0000000000000000        70.000000000000000        68.000000000000000       -3.3185036546621336       -2.2244921522320995     
          77           0        -999        -999        -999  -3.6480203476669475       -2.5201916488330101     
          78           1   0.0000000000000000        71.000000000000000        66.000000000000000       -1.8368271201757784       -1.2687517915530961     
          79           1   0.0000000000000000        60.000000000000000        61.000000000000000        3.3853546676975204        2.2971919405847250     
          80           1   0.0000000000000000        69.000000000000000        67.000000000000000      -0.30217766472321089      -0.19564047165477685     
          81           1   0.0000000000000000        61.000000000000000        62.000000000000000        2.8235755454727882        1.9832236109918941     
          82           1   0.0000000000000000        72.000000000000000        68.000000000000000       -2.7756011602077040       -1.9567630786976782     
          83           0        -999        -999        -999  0.46232111055046204       0.33688325080270948     
          84           1   0.0000000000000000        63.000000000000000        65.000000000000000       0.59782190377713929       0.40051802717751445     
          85           1   0.0000000000000000        62.000000000000000        62.000000000000000        4.5828543904250196        3.2899093798333534     
          86           1   0.0000000000000000        63.000000000000000        63.000000000000000       0.91439866670847780       0.58757237939339957     
          87           0        -999        -999        -999  0.14948070393015220        9.8551019264965886E-002
          88           0        -999        -999        -999  -8.8392188785536174E-002 -0.11262012522757127     
          89           0        -999        -999        -999  0.20488209285143910       0.10207476050494863     
          90           1   0.0000000000000000        59.000000000000000        62.000000000000000        2.8083875573232602        1.9914287978058838     
          91           1   0.0000000000000000        59.000000000000000        63.000000000000000        3.9329769480127599        2.6675369747627480     
          92           1   0.0000000000000000        55.000000000000000        80.000000000000000        2.7577289479435700        1.9616333982750953     
          93           1   0.0000000000000000        62.000000000000000        65.000000000000000        1.1062055513255042       0.82698865449398429     
          94           1   0.0000000000000000        58.000000000000000        67.000000000000000        2.6506125054729837        1.8249369286259054     
          95           0        -999        -999        -999  -1.9528649535195370       -1.3656663773113189     
          96           0        -999        -999        -999   5.6277762449263857E-002   4.5071321246146961E-002
          97           1   0.0000000000000000        69.000000000000000        69.000000000000000        4.8372275971155634E-002   4.6771605625952582E-002
          98           1   1.0000000000000000        67.000000000000000        64.000000000000000       0.50047868222085445       0.38016592195816168     
          99           1   1.0000000000000000        71.000000000000000        69.000000000000000       -2.5193118333853048       -1.7220077999512267     
         100           1   0.0000000000000000        75.000000000000000        70.000000000000000       -3.6880532139053868       -2.5184047445212663     
         101           0        -999        -999        -999  -1.2760232779750944      -0.80027308373791461     
         102           1   0.0000000000000000        64.000000000000000        70.000000000000000       0.47616942911865484       0.41112104686601120     
         103           1   0.0000000000000000        73.000000000000000        66.000000000000000       -2.4789830777810242       -1.6555915202973006     
         104           1   0.0000000000000000        68.000000000000000        64.000000000000000       0.43149471419873092       0.27927994050623545     
         105           0        -999        -999        -999 -0.27402170080543159      -0.18451013260542382     
         106           1   0.0000000000000000        69.000000000000000        62.000000000000000       -9.5711772899879866E-002  -6.4477067122683265E-002
         107           0        -999        -999        -999   2.4224940571377580        1.7512151198408639     
         108           1   0.0000000000000000        61.000000000000000        64.000000000000000        2.0381247765673227        1.3845281513201784     
         109           1   0.0000000000000000        73.000000000000000        68.000000000000000       -3.0385877426001251       -2.0560652980876419     
         110           0        -999        -999        -999  0.19172844431146693       0.16749826255507771     
         111           0        -999        -999        -999  -2.8899381023835273       -2.0049348774874822     
         112           0        -999        -999        -999   2.8612167051776072        1.9468260361324863     
         113           1   0.0000000000000000        70.000000000000000        65.000000000000000       -9.2233447707205304E-002  -9.8540353331242267E-002
         114           1   0.0000000000000000        71.000000000000000        70.000000000000000       -9.2805353255223780E-002  -2.7896214395690917E-002
         115           0        -999        -999        -999  -2.7363111938504021       -1.9164422463682951     
         116           1   0.0000000000000000        74.000000000000000        67.000000000000000       -2.6491208598301550       -1.8352089292011906     
         117           1   0.0000000000000000        59.000000000000000        64.000000000000000        3.3067287315272180        2.2333931760334624     
         118           1   0.0000000000000000        62.000000000000000        61.000000000000000        2.6597193113791189        1.8683651703499464     
         119           1   0.0000000000000000        67.000000000000000        62.000000000000000        1.5749368427994963        1.0826897527578969     
         120           1   1.0000000000000000        61.000000000000000        62.000000000000000        3.1747192121022012        2.0798695985002649     
         121           1   0.0000000000000000        73.000000000000000        65.000000000000000       -2.5094824254434069       -1.6417255963969364     
         122           0        -999        -999        -999  0.77105666246585458       0.61833708910994589     
         123           1   0.0000000000000000        73.000000000000000        67.000000000000000       -1.9940083685473333       -1.3560251322406349     
         124           1   0.0000000000000000        62.000000000000000        67.000000000000000       0.68835680433651936       0.45052785720661859     
         125           0        -999        -999        -999 -0.19384283853863898      -0.14008970632161558     
         126           1   0.0000000000000000        68.000000000000000        65.000000000000000       -9.6427640559832106E-002  -5.8449438642577699E-002
         127           0        -999        -999        -999  -1.8617617794634220       -1.2604841521074794     
         128           1   0.0000000000000000        69.000000000000000        65.000000000000000      -0.71070593213862343      -0.42924388704956817     
         129           1   1.0000000000000000        70.000000000000000        65.000000000000000      -0.74660520023640808      -0.48016657756616055     
         130           1   1.0000000000000000        65.000000000000000        65.000000000000000       0.59523000019374384       0.44002231061379765     
         131           0        -999        -999        -999 -0.70242070458519212      -0.45414049752852564     
         132           0        -999        -999        -999  0.53626349483462887       0.37269592858599060     
         133           1   0.0000000000000000        67.000000000000000        71.000000000000000      -0.98585053574435966      -0.68538820270299583     
         134           1   0.0000000000000000        62.000000000000000        62.000000000000000        2.1543995266808373        1.4444668448741522     
         135           0        -999        -999        -999  -1.8133975349741545       -1.2657424165001998     
         136           1   0.0000000000000000        80.000000000000000        74.000000000000000        9.9207840409300307E-002   6.8413947791297294E-002
         137           1   0.0000000000000000        71.000000000000000        65.000000000000000       -1.4515307126356942       -1.0864079987740451     
         138           1   0.0000000000000000        72.000000000000000        67.000000000000000       -1.6800436336012219       -1.1273326822169192     
         139           1   0.0000000000000000        60.000000000000000        61.000000000000000        3.7443583163278249        2.5437278756784134     
         140           0        -999        -999        -999   3.4664883618923397        2.4313423992285554     
         141           1   0.0000000000000000        69.000000000000000        65.000000000000000       -2.0800240318169068       -1.4225174363957387     
         142           1   0.0000000000000000        62.000000000000000        65.000000000000000        2.0406724585109517        1.4134756592223527     
         143           1   1.0000000000000000        62.000000000000000        62.000000000000000        2.3922153597739344        1.6635283067040731     
         144           1   1.0000000000000000        62.000000000000000        63.000000000000000        1.1837191288027200       0.77573274063158071     
         145           1   0.0000000000000000        63.000000000000000        64.000000000000000        1.1033308356962344       0.74571762444463929     
         146           1   0.0000000000000000        71.000000000000000        66.000000000000000       -1.2013616886374685      -0.77945287121230811     
         147           1   0.0000000000000000        74.000000000000000        70.000000000000000       -4.1790859343912050       -2.8708745661954329     
         148           1   0.0000000000000000        72.000000000000000        69.000000000000000       -2.9193877074458485       -1.9638124107407087     
         149           1   0.0000000000000000        64.000000000000000        64.000000000000000        7.9832969009046920E-002   8.6888002500877443E-002
         150           1   0.0000000000000000        70.000000000000000        67.000000000000000       -2.0483007903393786       -1.3016200610362569     
         151           1   0.0000000000000000        67.000000000000000        63.000000000000000       -5.4192237897900723E-002  -3.3853176620681463E-002
         152           1   0.0000000000000000        58.000000000000000        62.000000000000000        3.5325589843079275        2.3598548973413438     
         153           1   0.0000000000000000        60.000000000000000        62.000000000000000        3.0981068225457005        2.2284272179544442     
         154           0        -999        -999        -999  -2.1494159444505123       -1.4180577289361316     
         155           1   0.0000000000000000        73.000000000000000        67.000000000000000       -2.7095735094898150       -1.8995114405514306     
         156           1   0.0000000000000000        71.000000000000000        68.000000000000000       -1.6754436678452636       -1.1048113239376431     
         157           0        -999        -999        -999  -1.6553637679543740       -1.1824850001850356     
         158           0        -999        -999        -999  -4.6925647824752046       -3.2484858246758908     
         159           0        -999        -999        -999 -0.55843969833717400      -0.37953683316509312     
         160           0        -999        -999        -999  -1.9308229260782763       -1.3434099874653018     
         161           1   0.0000000000000000        62.000000000000000        62.000000000000000        2.0116072369314217        1.4562236116692313     
         162           1   0.0000000000000000        70.000000000000000        65.000000000000000       -2.1775172608992182       -1.4415574565769789     
         163           1   0.0000000000000000        62.000000000000000        63.000000000000000        2.8369727306297934        1.9670459142926204     
         164           1   0.0000000000000000        74.000000000000000        67.000000000000000       -2.7271679455726625       -1.8582564456468018     
         165           0        -999        -999        -999  0.16928954198359222        6.5623888752371670E-002
         166           1   0.0000000000000000        64.000000000000000        62.000000000000000        4.1646905130202461        2.9487196350861575     
         167           1   0.0000000000000000        69.000000000000000        67.000000000000000       -1.7140221917609098       -1.2236858289329153     
         168           0        -999        -999        -999 -0.96047673883936624      -0.66710664333598313     
         169           1   1.0000000000000000        69.000000000000000        65.000000000000000       -1.3535523865073997      -0.88961613450825394     
         170           1   0.0000000000000000        69.000000000000000        65.000000000000000      -0.95008350883101367      -0.73629899630901297     
         171           1   0.0000000000000000        65.000000000000000        65.000000000000000      -0.46563405231984589      -0.26690964975008691     
         172           1   0.0000000000000000        70.000000000000000        68.000000000000000       -2.3222164523965727       -1.6766933818332002     
         173           1   1.0000000000000000        68.000000000000000        67.000000000000000       -1.3321625832176514      -0.96052660019535763     
         174           1   0.0000000000000000        64.000000000000000        60.000000000000000        2.7952178708371123        1.8294376633925893     
         175           1   1.0000000000000000        64.000000000000000        63.000000000000000       0.30726500826111836       0.20976015104419005     
         176           0        -999        -999        -999  -1.4071355609459684      -0.95249052330425232     
         177           1   0.0000000000000000        63.000000000000000        69.000000000000000       -8.7972281192928606E-004  -4.3186387638282546E-003
         178           1   0.0000000000000000        63.000000000000000        61.000000000000000        1.9669487858401522        1.3134150630857246     
         179           1   0.0000000000000000        63.000000000000000        66.000000000000000       0.26606806844739772       0.18087281414962539     
         180           1   0.0000000000000000        62.000000000000000        63.000000000000000        1.3137470524144199       0.92192268892289020     
         181           1   0.0000000000000000        67.000000000000000        69.000000000000000       -1.5169101591555838       -1.0550969901101215     
         182           1   0.0000000000000000        62.000000000000000        62.000000000000000        1.9727395659107543        1.4113515034043556     
         183           0        -999        -999        -999 -0.81569165249993159      -0.54199623329296043     
         184           0        -999        -999        -999 -0.55566306928904929      -0.40612482814544271     
         185           0        -999        -999        -999   1.0326423653857382       0.69137173936945928     
         186           0        -999        -999        -999   4.0798039655284750        2.7641723615199907     
         187           1   0.0000000000000000        72.000000000000000        69.000000000000000       -3.3657979248452374       -2.3077141263481327     
         188           1   0.0000000000000000        69.000000000000000        67.000000000000000       -1.9910168189038335       -1.4154427303914017     
         189           0        -999        -999        -999  -2.6874430725670848E-002  -7.1253710910454682E-002
         190           1   0.0000000000000000        58.000000000000000        69.000000000000000        3.4766014627306920        2.5573829410419298     
         191           1   0.0000000000000000        75.000000000000000        70.000000000000000       -4.0546239779487667       -2.7796167383697878     
         192           1   1.0000000000000000        63.000000000000000        62.000000000000000        2.4908482533541099        1.6379785296072609     
         193           1   0.0000000000000000        63.000000000000000        62.000000000000000        2.1342921518646909        1.5035487316466336     
         194           1   0.0000000000000000        68.000000000000000        65.000000000000000      -0.13847909717472201       -3.9826716504234312E-002
         195           1   0.0000000000000000        72.000000000000000        66.000000000000000       -2.2608909513030211       -1.5622562907520336     
         196           1   0.0000000000000000        59.000000000000000        61.000000000000000        2.8697439901634412        2.0284851830595256     
         197           1   0.0000000000000000        57.000000000000000        63.000000000000000        3.4349919773529987        2.3581497242796008     
         198           1   0.0000000000000000        71.000000000000000        67.000000000000000       -3.9933721992198423       -2.7117043830516816     
         199           0        -999        -999        -999  -2.7755931058758190       -1.9156370446151616     
         200           1   0.0000000000000000        63.000000000000000        64.000000000000000        1.1571168913951713       0.79855066376210460     
         201           1   0.0000000000000000        61.000000000000000        61.000000000000000        3.0693093576792028        2.1025111776021186     
         202           1   0.0000000000000000        70.000000000000000        65.000000000000000      -0.78155134825302541      -0.48033726904888518     
         203           1   0.0000000000000000        70.000000000000000        68.000000000000000       -2.2791209606211562       -1.6315536379985849     
         204           1   0.0000000000000000        60.000000000000000        59.000000000000000        3.9125645332493826        2.7056201473822368     
         205           0        -999        -999        -999   1.3057702684452652       0.91259851961219507     
         206           1   0.0000000000000000        64.000000000000000        64.000000000000000        1.1323685236318446       0.74783227483740755     
         207           1   0.0000000000000000        64.000000000000000        64.000000000000000       0.84836338680341472       0.60915906572776224     
         208           1   0.0000000000000000        66.000000000000000        64.000000000000000       -1.0871574857778683E-002  -9.0059637311811543E-004
         209           1   0.0000000000000000        61.000000000000000        62.000000000000000        2.3173346217021331        1.6364772328857660     
         210           1   0.0000000000000000        64.000000000000000        65.000000000000000       -5.0239343470674304E-002  -8.6850988968822734E-002
         211           1   0.0000000000000000        73.000000000000000        69.000000000000000       -3.2404930118724149       -2.2964782595749940     
         212           1   0.0000000000000000        71.000000000000000        66.000000000000000       -2.4020986821931691       -1.6477266590674895     
         213           1   0.0000000000000000        62.000000000000000        61.000000000000000        2.3866556435657760        1.5736671292236206     
         214           1   0.0000000000000000        70.000000000000000        66.000000000000000       -1.3387466792077098      -0.95484423628954429     
         215           1   0.0000000000000000        69.000000000000000        66.000000000000000       -2.2979066848068608       -1.6288873272924902     
         216           1   0.0000000000000000        70.000000000000000        66.000000000000000       -2.2468563014466678       -1.5661837413879349     
         217           1   1.0000000000000000        65.000000000000000        64.000000000000000       0.16306740251798227       0.12875912066863127     
         218           1   0.0000000000000000        61.000000000000000        63.000000000000000        2.2428305303587499        1.6098906755421325     
         219           1   0.0000000000000000        60.000000000000000        69.000000000000000        2.0018023835671923        1.4348667790591489     
         220           1   0.0000000000000000        68.000000000000000        68.000000000000000       -2.1064123456869810       -1.3909511983782590     
         221           1   1.0000000000000000        62.000000000000000        62.000000000000000        1.7420385982308459        1.1928647333343358     
         222           1   0.0000000000000000        66.000000000000000        64.000000000000000      -0.39022319974516506      -0.27057367476204897     
         223           1   0.0000000000000000        63.000000000000000        62.000000000000000        2.0418949067622059        1.4943738578495311     
         224           1   0.0000000000000000        68.000000000000000        67.000000000000000       -1.4508929006786957      -0.96467921167723292     
         225           1   0.0000000000000000        63.000000000000000        63.000000000000000       0.35274655078313261       0.28475434272044087     
         226           0        -999        -999        -999 -0.78002197659874284      -0.54469510159048051     
         227           0        -999        -999        -999  0.64059497327253756       0.44849221749889040     
         228           1   0.0000000000000000        67.000000000000000        65.000000000000000        1.7443394405603367        1.1731732855640791     
         229           1   0.0000000000000000        64.000000000000000        62.000000000000000       -3.5618562913353219E-002  -5.9072722234250639E-003
         230           0        -999        -999        -999  -2.0278492446872081       -1.3691185644461064     
         231           1   0.0000000000000000        62.000000000000000        62.000000000000000        2.1487299385217953        1.5172121839538826     
         232           0        -999        -999        -999  -1.2772737955937818      -0.89350890622668500     
         233           1   0.0000000000000000        71.000000000000000        65.000000000000000       -2.2864409455279424       -1.5545155670481363     
         234           1   0.0000000000000000        65.000000000000000        65.000000000000000        2.6839389570201294E-002  -7.3567389144169318E-003
         235           1   0.0000000000000000        72.000000000000000        70.000000000000000       -3.8451343143188814       -2.7474578236252967     
         236           1   0.0000000000000000        70.000000000000000        66.000000000000000       -2.1929657214595344       -1.5797915867745003     
         237           1   0.0000000000000000        58.000000000000000        62.000000000000000        2.4323856636734664        1.7623515919067068     
         238           1   0.0000000000000000        58.000000000000000        61.000000000000000        3.8183054150834930        2.6906377602722933     
         239           1   0.0000000000000000        57.000000000000000        67.000000000000000        1.2324706854913057       0.78680200950441814     
         240           1   0.0000000000000000        70.000000000000000        65.000000000000000       -2.2418339198482768       -1.5610618250074788     
         241           1   1.0000000000000000        69.000000000000000        65.000000000000000       -1.7091398129535009       -1.1288726078933178     
         242           0        -999        -999        -999 -0.53348801554474745      -0.44493706805538813     
         243           0        -999        -999        -999 -0.46236683501341863      -0.31355928467725236     
         244           1   0.0000000000000000        72.000000000000000        65.000000000000000       -2.4236994925530397       -1.6757699390680880     
         245           0        -999        -999        -999   2.5400997560420309        1.7092916404763667     
         246           0        -999        -999        -999  -1.1702683154481546E-002   5.1869269931291158E-002
         247           1   0.0000000000000000        62.000000000000000        62.000000000000000        1.7375226960574404        1.2227056474450166     
         248           1   0.0000000000000000        62.000000000000000        59.000000000000000        3.0020885673617936        2.0910008910050295     
         249           1   0.0000000000000000        70.000000000000000        63.000000000000000      -0.29621788015465250      -0.23273018128725628     
         250           1   0.0000000000000000        70.000000000000000        69.000000000000000       -1.8453233226092514       -1.2613226501862020     
         251           1   0.0000000000000000        57.000000000000000        60.000000000000000        4.6067664510108344        3.2034599138141959     
         252           1   0.0000000000000000        65.000000000000000        63.000000000000000       0.50507543226443674       0.29678830544658835     
         253           1   0.0000000000000000        68.000000000000000        68.000000000000000      -0.98729241864563122      -0.68626890108891925     
         254           0        -999        -999        -999   1.0771302781020773       0.73775491518941583     
         255           1   0.0000000000000000        67.000000000000000        65.000000000000000      -0.16425125309586883       -7.9519980091063938E-002
         256           0        -999        -999        -999  -2.8501976231713453       -2.0063829455684603     
         257           1   0.0000000000000000        62.000000000000000        62.000000000000000        1.7466494616252100        1.2197185027169513     
         258           1   0.0000000000000000        64.000000000000000        62.000000000000000        1.4242376280858988        1.0522105551316203     
         259           1   0.0000000000000000        67.000000000000000        66.000000000000000      -0.25835216124384308       -9.3345490723999516E-002
         260           1   0.0000000000000000        73.000000000000000        70.000000000000000       -4.7552828638913187       -3.2586761991040758     
         261           1   0.0000000000000000        62.000000000000000        62.000000000000000        1.4758329626070941       0.97021357710805001     
         262           1   0.0000000000000000        69.000000000000000        64.000000000000000      -0.99975976025132507      -0.68204600826539863     
         263           1   0.0000000000000000        61.000000000000000        61.000000000000000        2.8329147104340797        2.0785017911248280     
         264           1   0.0000000000000000        74.000000000000000        68.000000000000000       -2.9691501599457406       -2.0575606152645536     
         265           1   0.0000000000000000        57.000000000000000        62.000000000000000        3.7880855977888710        2.5770143382565762     
         266           1   0.0000000000000000        70.000000000000000        66.000000000000000       -2.3313324357969791       -1.6210681119164536     
         267           1   0.0000000000000000        58.000000000000000        57.000000000000000        5.4326073202814156        3.8136558687613533     
         268           1   0.0000000000000000        62.000000000000000        64.000000000000000       0.65944074873910974       0.52063332961958630     
         269           1   0.0000000000000000        63.000000000000000        58.000000000000000        4.1809242828939448        2.9855906078672323     
         270           1   0.0000000000000000        65.000000000000000        62.000000000000000        1.2605960304112283       0.89377518313919624     
         271           1   0.0000000000000000        63.000000000000000        65.000000000000000       0.20931665146487380       0.10813979250358109     
         272           0        -999        -999        -999  0.28988989547422839       0.22638183903375228     
         273           1   0.0000000000000000        64.000000000000000        65.000000000000000       0.28356776270518275       0.20738022100077558     
         274           1   0.0000000000000000        75.000000000000000        64.000000000000000        1.5714989444941236        1.0872361250525564     
         275           1   0.0000000000000000        68.000000000000000        66.000000000000000      -0.92243130985025645      -0.68880423202926067     
         276           1   0.0000000000000000        63.000000000000000        63.000000000000000       0.34220758687331049       0.21921620686060009     
         277           0        -999        -999        -999  -3.7016006862359487E-002  -7.0104796791053595E-002
         278           1   0.0000000000000000        72.000000000000000        68.000000000000000       -2.8319494710740507       -1.9617312400074107     
         279           1   0.0000000000000000        74.000000000000000        69.000000000000000       -4.1599970208548065       -2.9337971990369196     
         280           1   0.0000000000000000        68.000000000000000        66.000000000000000       -1.6145577157510422       -1.0988185303185702     
         281           1   0.0000000000000000        68.000000000000000        66.000000000000000      -0.96897269094825700      -0.62716923251256529     
         282           1   0.0000000000000000        57.000000000000000        61.000000000000000        4.2462580976135840        2.9126774954508035     
         283           1   0.0000000000000000        69.000000000000000        67.000000000000000       -1.4964263457570235       -1.0297859114041752     
         284           1   0.0000000000000000        61.000000000000000        63.000000000000000        2.3374208321295007        1.6620215048606579     
         285           1   0.0000000000000000        62.000000000000000        62.000000000000000        2.0369438572304315        1.4199731956520849     
         286           1   0.0000000000000000        72.000000000000000        65.000000000000000       -2.3470894923232883       -1.5815327245460074     
         287           1   0.0000000000000000        72.000000000000000        67.000000000000000       -1.8878270445277820       -1.3413057604148002     
         288           1   0.0000000000000000        71.000000000000000        66.000000000000000       -1.8949175687763651       -1.2849220758389557     
         289           1   0.0000000000000000        62.000000000000000        62.000000000000000        3.0182655089207673        2.0056046605360560     
         290           0        -999        -999        -999  -2.2289689229143188       -1.5354008274366058     
         291           0        -999        -999        -999  -4.1057208755641552       -2.8602437081395129     
         292           1   1.0000000000000000        72.000000000000000        67.000000000000000       -2.3631538613507175       -1.5848496721681478     
         293           1   0.0000000000000000        71.000000000000000        66.000000000000000       -2.4285162972322700       -1.6885171699075332     
         294           1   0.0000000000000000        65.000000000000000        61.000000000000000        1.9679742179716824        1.3443540600837149     
         295           1   0.0000000000000000        66.000000000000000        65.000000000000000      -0.75481052860805253      -0.43897366031558688     
         296           0        -999        -999        -999  0.33676472014735770       0.20591254100833634     
         297           1   1.0000000000000000        74.000000000000000        69.000000000000000       -3.5448921571965109       -2.3779623135775507     
         298           1   0.0000000000000000        69.000000000000000        73.000000000000000       -2.5770669169651352       -1.7948455414490758     
         299           1   1.0000000000000000        70.000000000000000        65.000000000000000       -2.0303049441670327       -1.3897415974873122     
         300           1   0.0000000000000000        69.000000000000000        67.000000000000000      -0.98065609662707598      -0.63605114553547326     
         301           1   0.0000000000000000        62.000000000000000        63.000000000000000        2.7222253094992794        1.9340011770222065     
         302           1   0.0000000000000000        69.000000000000000        69.000000000000000       -2.5186164673761127       -1.7499630689490251     
         303           1   0.0000000000000000        69.000000000000000        65.000000000000000       -1.3089731824202369      -0.92496473806764767     
         304           1   0.0000000000000000        74.000000000000000        71.000000000000000       -3.9670068669101375       -2.7694580214103373     
         305           1   0.0000000000000000        62.000000000000000        63.000000000000000        1.4912713234632784        1.0189293816145233     
         306           1   0.0000000000000000        64.000000000000000        65.000000000000000       0.17338221938041104        8.7869415801680936E-002
         307           0        -999        -999        -999   2.1706543158726586        1.5619590782167097     
         308           1   0.0000000000000000        62.000000000000000        62.000000000000000        1.1564920182164518       0.81025705192593667     
         309           1   0.0000000000000000        70.000000000000000        66.000000000000000       -1.5894485101701390       -1.1153330094181468     
         310           1   0.0000000000000000        68.000000000000000        68.000000000000000       -1.2080905126308403      -0.88381683616231843     
         311           1   0.0000000000000000        62.000000000000000        62.000000000000000        1.7844348012249958        1.2278450569121504     
         312           1   0.0000000000000000        62.000000000000000        60.000000000000000        1.7628141614311388        1.1763090401723735     
         313           1   0.0000000000000000        70.000000000000000        68.000000000000000       -1.7619184055284103       -1.2071759488134846     
         314           0        -999        -999        -999  -1.0946218847821663      -0.73477571948070708     
         315           1   0.0000000000000000        66.000000000000000        67.000000000000000      -0.35983761178337414      -0.30485737895102921     
         316           1   0.0000000000000000        75.000000000000000        66.000000000000000       -2.0090581370329459       -1.3255364911757059     
         317           0        -999        -999        -999  -1.4308229254145006      -0.99297288387565419     
         318           1   0.0000000000000000        63.000000000000000        64.000000000000000        7.8072827164351072E-002   2.9469559169590535E-002
         319           1   0.0000000000000000        74.000000000000000        70.000000000000000       -3.3274900141254822       -2.3160701284963690     
         320           0        -999        -999        -999   3.2178101283195635        2.3336461356529234     
         321           1   0.0000000000000000        60.000000000000000        63.000000000000000        2.7604810858500839        1.8917292336408054     
         322           0        -999        -999        -999  0.37422976928517460       0.21471206444460417     
         323           0        -999        -999        -999  -3.1316301077267497       -2.2132141262137477     
         324           1   0.0000000000000000        66.000000000000000        64.000000000000000       0.30764225017081753       0.21879806645111333     
         325           1   0.0000000000000000        69.000000000000000        67.000000000000000       -2.1259100299425073       -1.4865264580874911     
         326           0        -999        -999        -999  0.55919957871167614       0.36742561998134327     
         327           1   0.0000000000000000        62.000000000000000        62.000000000000000        1.7639638323660025        1.2227926809416179     
         328           1   0.0000000000000000        70.000000000000000        63.000000000000000       -1.1056153150992760      -0.67702070709608020     
         329           1   0.0000000000000000        65.000000000000000        60.000000000000000       0.69797619826498392       0.47358968447357191     
         330           1   0.0000000000000000        73.000000000000000        70.000000000000000       -4.0082959264841582       -2.6481211210301616     
         331           0        -999        -999        -999 -0.17726794925589384      -0.19487489689031767     
         332           1   0.0000000000000000        62.000000000000000        61.000000000000000        2.0536306379698135        1.3931481576210998     
         333           1   0.0000000000000000        63.000000000000000        64.000000000000000       0.68614930590890988       0.47760923211798678     
         334           1   0.0000000000000000        73.000000000000000        69.000000000000000       -3.7876428009916081       -2.7152189349934317     
         335           1   0.0000000000000000        68.000000000000000        65.000000000000000       -1.0146651875141472      -0.79317600563088719     
         336           0        -999        -999        -999   1.4401657806600376        1.0194204441356063     
         337           1   0.0000000000000000        69.000000000000000        61.000000000000000       0.59499132236751040       0.44739050686217707     
         338           0        -999        -999        -999  -2.9655550450635761       -2.0535771188788954     
         339           1   0.0000000000000000        61.000000000000000        59.000000000000000        2.7010829680724346        1.9125925727978179     
         340           1   0.0000000000000000        67.000000000000000        64.000000000000000        8.7631628437599612E-002  0.10796745931419707     
         341           1   0.0000000000000000        72.000000000000000        68.000000000000000       -4.2093234783369580       -2.9540316304472425     
         342           1   0.0000000000000000        74.000000000000000        70.000000000000000       -3.3955685316218815       -2.3221981265265548     
         343           1   0.0000000000000000        61.000000000000000        63.000000000000000        1.7635395359800887        1.2265684140308544     
         344           1   0.0000000000000000        67.000000000000000        61.000000000000000       0.63623433296647935       0.45409418205477176     
         345           0        -999        -999        -999   2.2656946861560905        1.6082993534191257     
         346           1   0.0000000000000000        72.000000000000000        68.000000000000000       -3.3447679191961353       -2.3093556944531812     
         347           1   0.0000000000000000        69.000000000000000        69.000000000000000       -2.6341410350641454       -1.8601035414563638     
         348           0        -999        -999        -999  -1.7216512224267089       -1.1671759165262219     
         349           1   0.0000000000000000        62.000000000000000        61.000000000000000        1.4065545873535212       0.98270110272640576     
         350           1   0.0000000000000000        65.000000000000000        65.000000000000000      -0.50745214048738563      -0.39245710016004787     
         351           1   1.0000000000000000        62.000000000000000        62.000000000000000        1.4865158210923519        1.0379733249364329     
         352           0        -999        -999        -999   2.0299038595668595        1.3994780084361802     
         353           1   0.0000000000000000        68.000000000000000        65.000000000000000       -6.5083606075128891E-002  -2.1045785825400752E-002
         354           1   0.0000000000000000        70.000000000000000        68.000000000000000       -1.9802569055242956       -1.3437117625687072     
         355           1   0.0000000000000000        62.000000000000000        62.000000000000000        2.4578118974020198        1.6570085611932921     
         356           1   0.0000000000000000        71.000000000000000        67.000000000000000       -2.8221847632567458       -1.9362167388867340     
         357           1   0.0000000000000000        67.000000000000000        63.000000000000000      -0.34862151699618793      -0.23112793995114514     
         358           1   0.0000000000000000        75.000000000000000        70.000000000000000       -3.4737128719730181       -2.3860030498105824     
         359           0        -999        -999        -999 -0.71226279883419186      -0.48859012166241833     
         360           1   0.0000000000000000        69.000000000000000        63.000000000000000       -1.2968856499686052      -0.90175000315744014     
         361           1   0.0000000000000000        70.000000000000000        65.000000000000000       -2.3312326451060268       -1.5509306153866624     
         362           1   1.0000000000000000        62.000000000000000        60.000000000000000        2.0636357356479298        1.4493720526602187     
         363           0        -999        -999        -999   3.6494079067881362        2.4921276339632352     
         364           0        -999        -999        -999  -1.4981769146085646      -0.97483372387678158     
         365           1   0.0000000000000000        68.000000000000000        65.000000000000000       -1.6556364631163691       -1.1548750570118242     
         366           0        -999        -999        -999   1.9776686290467338        1.3887107537952423     
         367           1   0.0000000000000000        68.000000000000000        65.000000000000000      -0.57312806316996645      -0.37415302715085708     
         368           1   0.0000000000000000        74.000000000000000        69.000000000000000       -3.8249848684783769       -2.6979481915639401     
         369           0        -999        -999        -999   1.0587015654809546       0.68533286687670991     
         370           1   0.0000000000000000        72.000000000000000        66.000000000000000       -3.0646763031623703       -2.1537484392004136     
         371           1   0.0000000000000000        65.000000000000000        64.000000000000000       0.22070845353202068        4.0888493046114666E-002
         372           0        -999        -999        -999   2.1307311223172420        1.4581101021681193     
         373           1   0.0000000000000000        67.000000000000000        66.000000000000000      -0.96777160193693901      -0.79047915673890434     
         374           1   0.0000000000000000        61.000000000000000        62.000000000000000        2.0181484541719636        1.4138878129083829     
         375           1   1.0000000000000000        68.000000000000000        67.000000000000000      -0.72727423411555847      -0.54325070699859879     
         376           1   0.0000000000000000        69.000000000000000        64.000000000000000       0.76983475730667417       0.47996608033209570     
         377           1   0.0000000000000000        65.000000000000000        63.000000000000000        4.5051630111682492E-002  -2.4512339840188014E-002
         378           1   1.0000000000000000        61.000000000000000        60.000000000000000        3.6942868482356026        2.4867090878379838     
         379           1   0.0000000000000000        68.000000000000000        67.000000000000000       -1.3320555098565559      -0.96960166570960116     
         380           1   1.0000000000000000        63.000000000000000        63.000000000000000        1.1313393482907654       0.79430012197851352     
         381           1   0.0000000000000000        70.000000000000000        65.000000000000000       -1.4632213619172192       -1.0066008558481958     
         382           1   0.0000000000000000        69.000000000000000        64.000000000000000      -0.96288445529434030      -0.62412340493344165     
         383           1   0.0000000000000000        63.000000000000000        62.000000000000000        2.0435970400058334        1.3888386551923297     
         384           1   0.0000000000000000        73.000000000000000        68.000000000000000       -3.6645175886920005       -2.4533808523085749     
         385           1   0.0000000000000000        72.000000000000000        70.000000000000000       -3.2303894581991450       -2.2357202663394204     
         386           0        -999        -999        -999   1.8621525284031668        1.2964575185121905     
         387           0        -999        -999        -999   1.3237431472456802       0.87956695024931297     
         388           1   0.0000000000000000        64.000000000000000        63.000000000000000        1.4239649253805944        1.0411083470168716     
         389           0        -999        -999        -999   2.8488516381959510        1.9851780534678642     
         390           1   0.0000000000000000        67.000000000000000        64.000000000000000      -0.25552215244293430      -0.22487540953672980     
         391           0        -999        -999        -999 -0.83492756778991795      -0.50989165901438949     
         392           1   0.0000000000000000        59.000000000000000        57.000000000000000        4.2369351581123507        2.8271660674891228     
         393           1   0.0000000000000000        72.000000000000000        68.000000000000000       -2.3474752172891007       -1.6640099804628363     
         394           1   0.0000000000000000        61.000000000000000        65.000000000000000       0.21038212384195659        8.6334123550618994E-002
         395           1   0.0000000000000000        65.000000000000000        64.000000000000000       -8.0896173399238283E-002  -9.6435582091373540E-002
         396           1   1.0000000000000000        57.000000000000000        55.000000000000000        7.2625865590475449        5.0259810341316120     
         397           0        -999        -999        -999  0.43497199883880233       0.28118098491350568     
         398           1   1.0000000000000000        62.000000000000000        62.000000000000000        1.8477639507433041        1.3149834520034549     
         399           1   0.0000000000000000        58.000000000000000        60.000000000000000        4.6123738427964813        3.1850887791202211     
         400           1   1.0000000000000000        68.000000000000000        68.000000000000000      -0.49037359753258086      -0.30468794114205250     
         401           1   0.0000000000000000        71.000000000000000        67.000000000000000       -2.9119691240213461       -1.8757996464550961     
         402           1   0.0000000000000000        65.000000000000000        63.000000000000000      -0.90198201376862874      -0.62073566242431943     
         403           1   0.0000000000000000        73.000000000000000        68.000000000000000       -3.4321515469269501       -2.4120695757506070     
         404           1   0.0000000000000000        65.000000000000000        65.000000000000000      -0.19796407834009608      -0.10331499802639930     
         405           1   0.0000000000000000        62.000000000000000        62.000000000000000        2.1393076175898820        1.5061411540153125     
         406           0        -999        -999        -999  0.63707769869609199       0.35555414052294920     
         407           0        -999        -999        -999  -2.0406443542317998       -1.4257299595025290     
         408           1   0.0000000000000000        67.000000000000000        65.000000000000000       -1.5736802877840601       -1.0349107395994068     
         409           1   0.0000000000000000        62.000000000000000        62.000000000000000        2.3597358405594822        1.5945980949383625     
         410           1   0.0000000000000000        62.000000000000000        61.000000000000000        2.3441171765163071        1.6422907162608518     
         411           0        -999        -999        -999 -0.95390766288854423      -0.63956472514324292     
         412           1   0.0000000000000000        73.000000000000000        69.000000000000000       -3.9173576895950335       -2.7833150075980506     
         413           1   1.0000000000000000        68.000000000000000        64.000000000000000      -0.67008919404735567      -0.47569581275347816     
         414           1   0.0000000000000000        71.000000000000000        75.000000000000000       -3.6018777404174220       -2.4992463500310644     
         415           1   1.0000000000000000        65.000000000000000        65.000000000000000       -8.1474634016600364E-002  -9.8522500927258200E-002
         416           1   0.0000000000000000        58.000000000000000        62.000000000000000        2.5964619539908131        1.7634330175995996     
         417           0        -999        -999        -999  -1.0459529403907353      -0.71320617183658341     
         418           0        -999        -999        -999  0.52546072255743470       0.37595109397343690     
         419           1   0.0000000000000000        74.000000000000000        68.000000000000000       -3.3409613198597428       -2.3045032949512456     
         420           1   0.0000000000000000        71.000000000000000        67.000000000000000       -3.5356743889744466       -2.3964873982620278     
         421           1   0.0000000000000000        67.000000000000000        61.000000000000000       0.80036045698702485       0.53803039810367537     
         422           0        -999        -999        -999 -0.87920036331088047      -0.55936639180334591     
         423           1   0.0000000000000000        62.000000000000000        61.000000000000000        2.1702665473991045        1.5987447005035620     
         424           1   0.0000000000000000        72.000000000000000        66.000000000000000       -2.3229547357750131       -1.5764613586240392     
         425           1   0.0000000000000000        67.000000000000000        64.000000000000000      -0.49510718439222656      -0.37173850429870214     
         426           1   0.0000000000000000        73.000000000000000        66.000000000000000       -3.0837245686395471       -2.1522518330943892     
         427           1   0.0000000000000000        73.000000000000000        66.000000000000000       -3.3710998362886881       -2.2624081473561635     
         428           1   0.0000000000000000        70.000000000000000        66.000000000000000       -1.7147152085975585       -1.2629233179145500     
         429           1   0.0000000000000000        74.000000000000000        71.000000000000000       -2.7014094141352643       -1.8548219001735291     
         430           0        -999        -999        -999   2.3786034646329983        1.5626635547379197     
         431           0        -999        -999        -999  0.76848976805469060       0.49213897219649377     
         432           1   0.0000000000000000        62.000000000000000        62.000000000000000        2.1728696364302342        1.5066675427945901     
         433           1   0.0000000000000000        70.000000000000000        65.000000000000000      -0.19163697551438880      -0.16778922295040563     
         434           1   0.0000000000000000        71.000000000000000        66.000000000000000       -2.1996893360488925       -1.4951273396991680     
         435           0        -999        -999        -999  -3.2747444816798561       -2.2912304494000590     
         436           1   1.0000000000000000        64.000000000000000        62.000000000000000        5.3982132236917398E-002   8.8930512747356708E-002
         437           1   0.0000000000000000        66.000000000000000        65.000000000000000      -0.33201971118738188      -0.17712511967260219     
         438           1   0.0000000000000000        62.000000000000000        62.000000000000000        1.4201337559288336       0.91445074461796094     
         439           1   0.0000000000000000        62.000000000000000        62.000000000000000        2.3690184789650655        1.7170756660754192     
         440           1   0.0000000000000000        69.000000000000000        63.000000000000000      -0.83436405292656202      -0.58596799679402922     
         441           1   1.0000000000000000        61.000000000000000        61.000000000000000        3.4247291159309459        2.3344697225748705     
         442           1   0.0000000000000000        71.000000000000000        70.000000000000000       -2.7570840998585355       -1.8607893001288593     
         443           0        -999        -999        -999  -3.2446228140199094       -2.2097001299850114     
         444           0        -999        -999        -999  -1.9126737341893649       -1.3445142127823468     
         445           0        -999        -999        -999   1.9269298497333613        1.3356441687821998     
         446           1   0.0000000000000000        67.000000000000000        65.000000000000000      -0.19209706514047023      -0.11285962408658502     
         447           1   0.0000000000000000        66.000000000000000        63.000000000000000      -0.28853530663567556      -0.24358119588662400     
         448           1   0.0000000000000000        62.000000000000000        62.000000000000000        2.0508723477068669        1.4282102204756491     
         449           1   0.0000000000000000        59.000000000000000        60.000000000000000        3.2714585420323190        2.1966945626771546     
         450           0        -999        -999        -999 -0.76961897706957183      -0.51710461061094570     
         451           0        -999        -999        -999  -3.2605345657876716       -2.2581379945428153     
         452           1   0.0000000000000000        62.000000000000000        62.000000000000000        1.4851870252320185        1.0136083081851783     
         453           1   0.0000000000000000        68.000000000000000        66.000000000000000       -1.6679130535943432       -1.1342566703641817     
         454           1   0.0000000000000000        67.000000000000000        60.000000000000000      -0.76478657147996743      -0.60557987477834263     
         455           1   0.0000000000000000        74.000000000000000        68.000000000000000       -3.6293904100224470       -2.4792216107507126     
         456           1   0.0000000000000000        69.000000000000000        63.000000000000000      -0.83546582691028304      -0.53825524840076688     
         457           1   0.0000000000000000        60.000000000000000        62.000000000000000        3.3875026385792832        2.3211520095558176     
         458           0        -999        -999        -999  -2.5170315214713246       -1.7761312022504632     
         459           0        -999        -999        -999  -2.1111826204504518       -1.4275567703949903     
         460           1   0.0000000000000000        72.000000000000000        67.000000000000000       -3.0929256731620969       -2.1819968872434332     
         461           1   0.0000000000000000        72.000000000000000        68.000000000000000       -3.0728246829788795       -2.1284446992418768     
         462           1   0.0000000000000000        74.000000000000000        71.000000000000000       -4.6905076803850152       -3.2874157077676811     
         463           1   0.0000000000000000        67.000000000000000        64.000000000000000      -0.46076658544508553      -0.37771992545911814     
         464           1   0.0000000000000000        63.000000000000000        63.000000000000000        1.7173801081541864        1.1828247357727508     
         465           1   0.0000000000000000        65.000000000000000        60.000000000000000        1.6175093153947693        1.0838648424578068     
         466           1   0.0000000000000000        68.000000000000000        67.000000000000000      -0.65427023635172954      -0.42307638409952880     
         467           0        -999        -999        -999  0.80958164645636355       0.49572538061479576     
         468           1   0.0000000000000000        64.000000000000000        62.000000000000000       0.37345223479905726       0.30616204278785264     
         469           0        -999        -999        -999   2.3711446517429660        1.7146824949478416     
         470           0        -999        -999        -999   4.5722649475822157E-002   2.4441964743408651E-002
         471           0        -999        -999        -999   2.4530587940276178        1.7323009146445372     
         472           1   0.0000000000000000        62.000000000000000        62.000000000000000        1.4905318768529334       0.98623276809764204     
         473           1   0.0000000000000000        71.000000000000000        65.000000000000000       0.15999457692455740       0.11070858643855477     
         474           1   1.0000000000000000        59.000000000000000        59.000000000000000        3.7920300842095314        2.5566976839417861     
         475           1   0.0000000000000000        62.000000000000000        62.000000000000000        1.6123547603576689        1.1037433020133072     
         476           1   0.0000000000000000        69.000000000000000        64.000000000000000       -1.8834032294922486E-003  -1.8078372858449335E-002
         477           1   1.0000000000000000        62.000000000000000        62.000000000000000        5.0292728845286581        3.5652656409561865     
         478           1   0.0000000000000000        68.000000000000000        64.000000000000000      -0.12258176170102042      -0.11039974252822886     
         479           1   0.0000000000000000        60.000000000000000        62.000000000000000        2.1654236121976926        1.4738637736671820     
         480           0        -999        -999        -999   1.8319279910765920        1.2715443498218530     
         481           0        -999        -999        -999  -3.2997537317058532       -2.3692659286034243     
         482           1   0.0000000000000000        66.000000000000000        63.000000000000000      -0.46887345245147460      -0.30169900227261842     
         483           0        -999        -999        -999 -0.67751402208522460      -0.44642097744729758     
         484           1   1.0000000000000000        73.000000000000000        68.000000000000000       -4.0133269096760911       -2.6805173645624110     
         485           1   0.0000000000000000        61.000000000000000        59.000000000000000        3.4057511056513339        2.3567798724488105     
         486           0        -999        -999        -999  -3.0989754545105073       -2.1524354678256725     
         487           1   0.0000000000000000        63.000000000000000        66.000000000000000      -0.16964259467361603      -0.12307938621071171     
         488           1   0.0000000000000000        62.000000000000000        61.000000000000000        2.3464472558096143        1.6120196292748423     
         489           0        -999        -999        -999  -3.5480304028485752       -2.4036583666636937     
         490           0        -999        -999        -999  -1.3150117018292398      -0.85345249103610699     
         491           1   0.0000000000000000        59.000000000000000        62.000000000000000        2.5944884442146927        1.8374287276361536     
         492           0        -999        -999        -999  -3.0973291186311389       -2.1637588410004023     
         493           1   0.0000000000000000        65.000000000000000        63.000000000000000        9.3241208234277520E-002  0.10602526239910469     
         494           0        -999        -999        -999  -3.3001154894613878       -2.2545470096419802     
         495           1   0.0000000000000000        62.000000000000000        64.000000000000000        2.0486591055102692        1.4375772602068710     
         496           1   0.0000000000000000        70.000000000000000        67.000000000000000       -2.5556371754683660       -1.7529366013529741     
         497           1   0.0000000000000000        57.000000000000000        59.000000000000000        5.0643977819339376        3.5847357395129160     
         498           1   0.0000000000000000        65.000000000000000        62.000000000000000        5.6309880712706969E-002   4.7694753010054255E-002
         499           1   0.0000000000000000        60.000000000000000        61.000000000000000        3.1522281892665802        2.1777565003806516     
         500           1   0.0000000000000000        70.000000000000000        67.000000000000000       -1.7440668453337249       -1.2173331874152713     
         501           1   0.0000000000000000        72.000000000000000        67.000000000000000       -2.9569706094168997       -2.0651929777820670     
         502           1   0.0000000000000000        66.000000000000000        65.000000000000000      -0.18831816885440109      -0.10799650525133124     
         503           1   0.0000000000000000        69.000000000000000        64.000000000000000       -1.7600633167232442       -1.2249851498991149     
         504           0        -999        -999        -999 -0.86056880809714598      -0.57491572500547772     
         505           1   0.0000000000000000        62.000000000000000        63.000000000000000        1.5360569321944275        1.0200908108723119     
         506           0        -999        -999        -999 -0.91538526929852126      -0.61933786594057016     
         507           1   0.0000000000000000        68.000000000000000        65.000000000000000      -0.93687877476960935      -0.70614793273813814     
         508           1   0.0000000000000000        67.000000000000000        64.000000000000000      -0.26646325360032425      -0.22686714827194873     
         509           1   0.0000000000000000        55.000000000000000        59.000000000000000        5.3632679929392406        3.7543172266319660     
         510           1   0.0000000000000000        63.000000000000000        62.000000000000000        1.2647308811153144       0.86439302434293441     
         511           1   1.0000000000000000        73.000000000000000        69.000000000000000       -3.4636916228496899       -2.3577815406964979     
         512           1   0.0000000000000000        63.000000000000000        63.000000000000000       0.91258183803964787       0.62894382558039419     
         513           1   0.0000000000000000        68.000000000000000        64.000000000000000       -1.4447032339732611       -1.0826713075529648     
         514           1   1.0000000000000000        65.000000000000000        63.000000000000000       0.78504114209967113       0.51338550779622794     
         515           1   0.0000000000000000        72.000000000000000        68.000000000000000       -3.7078381001518137       -2.4460961557361580     
         516           1   0.0000000000000000        62.000000000000000        62.000000000000000        1.4403041819548621        1.0273693020083077     
         517           1   0.0000000000000000        64.000000000000000        63.000000000000000       0.57937499307036533       0.37681021754795430     
         518           1   0.0000000000000000        62.000000000000000        62.000000000000000        1.9842285872781975        1.3683876991812025     
         519           1   0.0000000000000000        62.000000000000000        62.000000000000000       0.75297599367556611       0.52558856320240566     
         520           1   0.0000000000000000        62.000000000000000        63.000000000000000       0.59144804722454281       0.41860505898329464     
         521           1   0.0000000000000000        58.000000000000000        64.000000000000000        2.7061092109636320        1.8030253322892320     
         522           1   0.0000000000000000        62.000000000000000        62.000000000000000        1.0593485620178444       0.72425977900614091     
         523           1   0.0000000000000000        59.000000000000000        61.000000000000000        3.2176508126518995        2.2720167507567988     
         524           1   0.0000000000000000        69.000000000000000        65.000000000000000      -0.90909180982402316      -0.66914033443001275     
         525           1   1.0000000000000000        72.000000000000000        68.000000000000000       -3.4036731353601026       -2.3625046287941602     
         526           1   0.0000000000000000        62.000000000000000        62.000000000000000       0.54513467534271776       0.32574520692615122     
         527           0        -999        -999        -999  -3.3446053354271696       -2.2872256997319003     
         528           0        -999        -999        -999  -3.0571386226195925       -2.0461850426573243     
         529           1   0.0000000000000000        69.000000000000000        67.000000000000000       -1.5488288959166514       -1.0589398936511110     
         530           1   0.0000000000000000        70.000000000000000        56.000000000000000       -2.7714842942911808       -1.8941254952752034     
         531           0        -999        -999        -999   2.5218145260717741        1.7531974333938922     
         532           1   1.0000000000000000        61.000000000000000        62.000000000000000        2.6013044257400337        1.7809182708586520     
         533           1   0.0000000000000000        59.000000000000000        57.000000000000000        3.8381062980794316        2.7024592368802498     
         534           1   0.0000000000000000        67.000000000000000        67.000000000000000       -1.6770683459287903       -1.1914829390191084     
         535           1   0.0000000000000000        62.000000000000000        62.000000000000000        1.2985338371650423       0.81335434390635952     
         536           1   0.0000000000000000        62.000000000000000        64.000000000000000       0.53738408207806632       0.42217234865736053     
         537           1   0.0000000000000000        69.000000000000000        53.000000000000000       -1.1543455297983387      -0.83201291404927991     
         538           0        -999        -999        -999  -3.9772319114206947       -2.7143784767545345     
         539           1   1.0000000000000000        68.000000000000000        64.000000000000000       -1.6228095582899991       -1.0881523993764111     
         540           0        -999        -999        -999  -1.0840311269830289      -0.79366396805291661     
         541           0        -999        -999        -999  -3.2175813230016508       -2.1609732007941709     
         542           0        -999        -999        -999   2.4023961012743520        1.6429466920804854     
         543           1   0.0000000000000000        65.000000000000000        65.000000000000000       -4.9827117071366792E-002  -1.2275446920788685E-003
         544           1   0.0000000000000000        59.000000000000000        60.000000000000000        3.7577362222799051        2.5691237641279905     
         545           1   0.0000000000000000        62.000000000000000        59.000000000000000        2.1311194460460405        1.5315115235202521     
         546           1   0.0000000000000000        67.000000000000000        62.000000000000000      -0.26165322425418591      -0.17488970393398670     
         547           1   0.0000000000000000        57.000000000000000        63.000000000000000        3.2177813870110699        2.1780421426964751     
         548           1   0.0000000000000000        70.000000000000000        68.000000000000000       -2.0876779230866949       -1.4324156306861751     
         549           0        -999        -999        -999   1.9950889002046870        1.3596723322817659     
         550           1   0.0000000000000000        68.000000000000000        66.000000000000000       -1.0673749691246930      -0.71088599133683972     
         551           0        -999        -999        -999  -4.2653922432020668       -2.9400284554472274     
         552           1   0.0000000000000000        69.000000000000000        67.000000000000000       -2.1038066264260706       -1.4183788181166141     
         553           1   0.0000000000000000        61.000000000000000        58.000000000000000        2.9561816100658893        2.0401795253099011     
         554           1   0.0000000000000000        72.000000000000000        68.000000000000000       -3.2876900237385267       -2.3072094305774633     
         555           1   0.0000000000000000        69.000000000000000        64.000000000000000       -1.7511895609044632       -1.1790510875880382     
         556           1   0.0000000000000000        69.000000000000000        64.000000000000000      -0.73828033254017966      -0.49054971466788816     
         557           1   0.0000000000000000        69.000000000000000        67.000000000000000       -1.1689983020855166      -0.79318846767422746     
         558           1   0.0000000000000000        58.000000000000000        60.000000000000000        3.7770599332383110        2.5549107655780081     
         559           1   0.0000000000000000        60.000000000000000        63.000000000000000        1.1943103440437199       0.85313342612509291     
         560           1   0.0000000000000000        62.000000000000000        62.000000000000000        1.2968327869113445       0.99368650092984068     
         561           1   0.0000000000000000        73.000000000000000        69.000000000000000       -3.4640148171089269       -2.3381849927692269     
         562           1   0.0000000000000000        56.000000000000000        57.000000000000000        5.7141465453628291        4.0252254034005475     
         563           1   0.0000000000000000        70.000000000000000        68.000000000000000       -2.8415772960973329       -1.9022164389316427     
         564           1   0.0000000000000000        65.000000000000000        62.000000000000000       0.27199319812893991       0.24348067691306866     
         565           1   0.0000000000000000        62.000000000000000        59.000000000000000        2.4045267483325383        1.6385059004907510     
         566           1   0.0000000000000000        74.000000000000000        69.000000000000000       -4.1315156205986234       -2.8279903178957890     
         567           1   0.0000000000000000        70.000000000000000        63.000000000000000       -1.6081970460206261       -1.0317710788730960     
         568           0        -999        -999        -999 -0.95048639395169687      -0.74721984580724010     
         569           0        -999        -999        -999  -1.0588192285341398      -0.77389172993200306     
         570           1   0.0000000000000000        72.000000000000000        68.000000000000000       -3.7133942746697617       -2.5712221323008104     
         571           1   1.0000000000000000        61.000000000000000        61.000000000000000        2.5741270308127429        1.7612653607897821     
         572           1   0.0000000000000000        62.000000000000000        62.000000000000000        1.2177855721577719       0.81092756918438835     
         573           1   0.0000000000000000        70.000000000000000        67.000000000000000       -2.3089666806488425       -1.5135402749349551     
         574           1   0.0000000000000000        55.000000000000000        60.000000000000000        5.0787541497592921        3.5030041689304943     
         575           1   0.0000000000000000        66.000000000000000        63.000000000000000       0.11385979850657896       0.11810751632497581     
         576           1   1.0000000000000000        62.000000000000000        62.000000000000000        1.8871341336458338        1.2711478954094553     
         577           1   0.0000000000000000        63.000000000000000        63.000000000000000        1.1215456265221386       0.80879157509676192     
         578           1   0.0000000000000000        58.000000000000000        61.000000000000000        3.6158190057506290        2.4484013204278727     
         579           1   0.0000000000000000        63.000000000000000        62.000000000000000        1.9965384715761463        1.3044420755466075     
         580           1   0.0000000000000000        67.000000000000000        60.000000000000000       0.71113894142009204       0.49351037766422939     
         581           0        -999        -999        -999 -0.85235678452687691      -0.63597634244361634     
         582           1   0.0000000000000000        64.000000000000000        58.000000000000000       0.52725141139741782       0.32791843031178047     
         583           1   0.0000000000000000        70.000000000000000        64.000000000000000       -1.6015624639779285       -1.0230357183355867     
         584           0        -999        -999        -999   1.0775365572433691       0.72037581839781506     
         585           1   0.0000000000000000        63.000000000000000        61.000000000000000       0.95448032066094979       0.61482079175636617     
         586           1   0.0000000000000000        70.000000000000000        62.000000000000000       -1.5964766997241693       -1.1198192212395970     
         587           1   0.0000000000000000        69.000000000000000        67.000000000000000       -1.2047113551946884      -0.83164972500640988     
         588           1   0.0000000000000000        68.000000000000000        65.000000000000000       -1.7909847693826071       -1.3187469909184228     
         589           1   0.0000000000000000        67.000000000000000        62.000000000000000      -0.48866677934620045      -0.36231630620554889     
         590           1   0.0000000000000000        69.000000000000000        67.000000000000000       -2.3075772533284344       -1.6230437732886811     
         591           0        -999        -999        -999   2.8760168830377295        2.1228966845327673     
         592           1   0.0000000000000000        68.000000000000000        65.000000000000000       -1.5928611224801312       -1.1314171125098549     
         593           1   0.0000000000000000        73.000000000000000        69.000000000000000       -2.8422177962030406       -1.9689956385603253     
         594           0        -999        -999        -999 -0.46951048156511554      -0.23664805212760648     
         595           1   0.0000000000000000        62.000000000000000        62.000000000000000        1.0791464089018794       0.80332655457315871     
         596           1   0.0000000000000000        70.000000000000000        68.000000000000000       -3.5463994866458481       -2.4678915213975516     
         597           1   0.0000000000000000        61.000000000000000        62.000000000000000        2.1262843306775103        1.4985921640635098     
         598           0        -999        -999        -999  0.29851077647168123       0.25473715401572583     
         599           0        -999        -999        -999 -0.74100474050103460      -0.53114519572892949     
         600           1   0.0000000000000000        72.000000000000000        70.000000000000000       -4.3697303316191016       -3.0540510738756148     
         601           0        -999        -999        -999 -0.38971046119725711      -0.30260541621225323     
         602           1   1.0000000000000000        68.000000000000000        65.000000000000000      -0.92045386753872127      -0.64946335098085772     
         603           1   0.0000000000000000        60.000000000000000        58.000000000000000        3.1180338268306893        2.1371900161790207     
         604           1   0.0000000000000000        67.000000000000000        64.000000000000000      -0.46310022912073484      -0.27873474957999766     
