           1           1   1.0000000000000000        71.000000000000000        66.000000000000000       -1.9684012381678122       -1.3548343682289985     
           2           1   0.0000000000000000        72.000000000000000        68.000000000000000       -2.3414598339166024       -1.6498136697399957     
           3           1   0.0000000000000000        70.000000000000000        68.000000000000000       -2.7308496151690242       -1.9298024085963834     
           4           0        -999        -999        -999   1.4087683133373128       0.99457092501721123     
           5           1   0.0000000000000000        62.000000000000000        61.000000000000000        1.5822459660676154        1.0452011260058520     
           6           1   0.0000000000000000        71.000000000000000        64.000000000000000       -1.9356287965893371       -1.4030618488660178     
           7           0        -999        -999        -999  -1.0616281477412133      -0.76402399158314804     
           8           1   0.0000000000000000        65.000000000000000        62.000000000000000       0.66030917204600070       0.51621822008957063     
           9           1   0.0000000000000000        67.000000000000000        64.000000000000000      -0.32342349974892082      -0.25770658794134138     
          10           0        -999        -999        -999  0.32226331611719095       0.23600935715674481     
          11           1   0.0000000000000000        62.000000000000000        62.000000000000000        1.1309912434666729       0.72402697047757381     
          12           1   0.0000000000000000        66.000000000000000        64.000000000000000      -0.63434637413334494      -0.45943066851835723     
          13           1   0.0000000000000000        71.000000000000000        67.000000000000000       -3.2833743631716175       -2.3674845021505275     
          14           1   1.0000000000000000        69.000000000000000        67.000000000000000      -0.71530934939230084      -0.54079835088259498     
          15           1   0.0000000000000000        60.000000000000000        59.000000000000000        3.6182737560258391        2.6187148806180862     
          16           1   0.0000000000000000        67.000000000000000        65.000000000000000      -0.92135768988746936      -0.66136176976980776     
          17           1   1.0000000000000000        63.000000000000000        62.000000000000000       0.73043182758638348       0.50263588384776514     
          18           1   0.0000000000000000        62.000000000000000        62.000000000000000        1.4061853513316285       0.97052960362587559     
          19           0        -999        -999        -999 -0.42210303469747318      -0.31723554999380754     
          20           1   0.0000000000000000        60.000000000000000        62.000000000000000        1.6770190437292973        1.2161266615205026     
          21           1   0.0000000000000000        60.000000000000000        57.000000000000000        3.3602274940452745        2.3347729441058811     
          22           1   0.0000000000000000        69.000000000000000        66.000000000000000      -0.78653335825827819      -0.54246774011011401     
          23           1   0.0000000000000000        60.000000000000000        61.000000000000000        1.7978176114503799        1.3086094284823293     
          24           1   0.0000000000000000        69.000000000000000        66.000000000000000       -2.3419029562792200       -1.6743455100771183     
          25           0        -999        -999        -999  -1.5684809435736693       -1.0929081263257687     
          26           1   0.0000000000000000        73.000000000000000        68.000000000000000       -2.8336943393784666       -1.9562239008755409     
          27           1   1.0000000000000000        59.000000000000000        60.000000000000000        3.5738701375390032        2.5502451160752266     
          28           1   0.0000000000000000        63.000000000000000        62.000000000000000        1.1374082755814265       0.78468494156446977     
          29           1   0.0000000000000000        63.000000000000000        62.000000000000000       0.50772996938598769       0.32826359684184764     
          30           1   0.0000000000000000        60.000000000000000        59.000000000000000        3.3499186573681787        2.3735102085449489     
          31           1   0.0000000000000000        67.000000000000000        63.000000000000000      -0.12161893148330942      -0.12393363366597027     
          32           1   0.0000000000000000        72.000000000000000        68.000000000000000       -2.6074838054445495       -1.9131174351049993     
          33           1   0.0000000000000000        69.000000000000000        65.000000000000000       -1.5977214341852488       -1.1456761799766004     
          34           1   0.0000000000000000        59.000000000000000        62.000000000000000        2.8154029709687451        1.9969803136378244     
          35           0        -999        -999        -999   3.5952622004872676        2.5939680571278507     
          36           0        -999        -999        -999  0.70436302437261911       0.51316582804219213     
          37           1   0.0000000000000000        72.000000000000000        66.000000000000000       -2.0376715760034854       -1.4476397920225721     
          38           1   0.0000000000000000        59.000000000000000        59.000000000000000        3.6665849449684589        2.5680408166166053     
          39           0        -999        -999        -999 -0.35639972127174530      -0.31184812739829404     
          40           1   0.0000000000000000        62.000000000000000        63.000000000000000        1.7968138652879520        1.3199118597607977     
          41           1   0.0000000000000000        72.000000000000000        66.000000000000000       -1.9468815996180644       -1.3356203798461452     
          42           0        -999        -999        -999   1.8064248532916889        1.2967421246350761     
          43           1   0.0000000000000000        69.000000000000000        67.000000000000000       -1.8667993647574277       -1.3201862193496872     
          44           1   0.0000000000000000        61.000000000000000        61.000000000000000        1.9372909963474207        1.2972693721043811     
          45           1   0.0000000000000000        71.000000000000000        67.000000000000000       -2.4833876730037567       -1.7307971668774114     
          46           1   0.0000000000000000        72.000000000000000        67.000000000000000       -2.2085892033229353       -1.6190790435808742     
          47           0        -999        -999        -999 -0.46647522065401203      -0.32334831481162524     
          48           1   1.0000000000000000        62.000000000000000        61.000000000000000        2.0064117255365796        1.3639995225625767     
          49           0        -999        -999        -999   4.4440998188843395        3.1073031145853980     
          50           0        -999        -999        -999  -3.1510071825466679       -2.2466739083153175     
          51           1   0.0000000000000000        63.000000000000000        61.000000000000000        2.3735147526376985E-002   5.8710351184206526E-002
          52           1   0.0000000000000000        70.000000000000000        67.000000000000000       -2.3513999854102732       -1.6872461574881386     
          53           1   0.0000000000000000        62.000000000000000        60.000000000000000        2.8395317901489840        1.9995441572376378     
          54           1   0.0000000000000000        66.000000000000000        64.000000000000000      -0.35182218125591719      -0.25690415346502937     
          55           1   1.0000000000000000        70.000000000000000        68.000000000000000       -2.0758437491805495       -1.4451793578568981     
          56           1   0.0000000000000000        70.000000000000000        65.000000000000000       -2.3527177641103516       -1.6383999038364996     
          57           0        -999        -999        -999  -2.2940925879388288       -1.6649528383297305     
          58           1   0.0000000000000000        62.000000000000000        61.000000000000000        2.3377108349738536        1.6154254637092398     
          59           1   0.0000000000000000        60.000000000000000        62.000000000000000        2.0275587532829205        1.4258487513884259     
          60           1   0.0000000000000000        58.000000000000000        58.000000000000000        3.2333022115353458        2.3752212790479064     
          61           0        -999        -999        -999  -2.5937106055054726       -1.8304759913419171     
          62           1   0.0000000000000000        72.000000000000000        69.000000000000000       -2.1855020262824549       -1.4975562025241089     
          63           1   0.0000000000000000        59.000000000000000        61.000000000000000        3.5201978300605612        2.4162758703038909     
          64           1   0.0000000000000000        62.000000000000000        62.000000000000000        1.2899723979863749       0.88495361517881543     
          65           0        -999        -999        -999   3.0985480812035435        2.2285159642758243     
          66           1   0.0000000000000000        64.000000000000000        64.000000000000000      -0.55234772369908580      -0.41252625785171781     
          67           0        -999        -999        -999  0.20295411880600195       0.11489990222900481     
          68           1   1.0000000000000000        65.000000000000000        63.000000000000000      -0.28115444746425061      -0.21282723102664911     
          69           1   1.0000000000000000        71.000000000000000        66.000000000000000       -2.1742397546500669       -1.5153873941807958     
          70           1   1.0000000000000000        60.000000000000000        60.000000000000000        3.8831351755937895        2.7079942539444506     
          71           1   0.0000000000000000        68.000000000000000        68.000000000000000       -1.9211133275366135       -1.2907838606231687     
          72           1   0.0000000000000000        69.000000000000000        65.000000000000000       -1.0579819540144308      -0.73497572467672057     
          73           1   0.0000000000000000        64.000000000000000        68.000000000000000       0.15190438019109678        6.1260962644695958E-002
          74           0        -999        -999        -999 -0.99103083847120099      -0.74147165121581238     
          75           1   0.0000000000000000        65.000000000000000        65.000000000000000       0.46984070983440496       0.31108998052571241     
          76           1   0.0000000000000000        70.000000000000000        67.000000000000000       -2.7854862472585404       -1.9225851116646786     
          77           0        -999        -999        -999  -3.3064531693288397       -2.3532304710276426     
          78           1   0.0000000000000000        69.000000000000000        65.000000000000000       -1.7028697749369126       -1.2131234239393083     
          79           1   0.0000000000000000        59.000000000000000        59.000000000000000        3.1154647698772093        2.1766244786698481     
          80           1   0.0000000000000000        69.000000000000000        65.000000000000000      -0.22650726438821736      -0.14841945708274473     
          81           1   0.0000000000000000        61.000000000000000        61.000000000000000        2.5009779921737603        1.8115101877666677     
          82           1   0.0000000000000000        71.000000000000000        67.000000000000000       -2.5535354142265141       -1.8563945931401375     
          83           0        -999        -999        -999  0.48217347657924642       0.36093733895305008     
          84           1   0.0000000000000000        63.000000000000000        63.000000000000000       0.54467714399260092       0.37582210610302963     
          85           1   0.0000000000000000        62.000000000000000        60.000000000000000        4.0627388739526626        3.0086555719175370     
          86           1   0.0000000000000000        62.000000000000000        62.000000000000000       0.86336206603805499       0.57174368150494803     
          87           0        -999        -999        -999  0.13619227128390851        9.2454030638311466E-002
          88           0        -999        -999        -999  -1.7348863167494361E-002  -6.0445103380175579E-002
          89           0        -999        -999        -999  0.24288779337689281       0.13651864640142083     
          90           1   0.0000000000000000        58.000000000000000        60.000000000000000        2.5562413536259605        1.8685143058973082     
          91           1   0.0000000000000000        59.000000000000000        62.000000000000000        3.8409164226743098        2.6815478664877359     
          92           1   0.0000000000000000        55.000000000000000        80.000000000000000        2.7081655595816652        1.9785972559826197     
          93           1   0.0000000000000000        62.000000000000000        63.000000000000000       0.99101795914807511       0.76924478043304123     
          94           1   0.0000000000000000        58.000000000000000        62.000000000000000        2.3709957380481286        1.6824830189891409     
          95           0        -999        -999        -999  -1.7364995768170786       -1.2515739741258682     
          96           0        -999        -999        -999   6.1721007667871496E-002   5.0415541308086294E-002
          97           1   0.0000000000000000        69.000000000000000        69.000000000000000        4.3571379045853134E-003   1.5669999482724677E-002
          98           1   0.0000000000000000        65.000000000000000        63.000000000000000       0.50357104998185154       0.39280836906204536     
          99           1   0.0000000000000000        71.000000000000000        68.000000000000000       -2.6058540693838723       -1.8402316771188560     
         100           1   0.0000000000000000        74.000000000000000        69.000000000000000       -3.5363822864091867       -2.4900446735458299     
         101           0        -999        -999        -999  -1.1944242159697558      -0.77113529954710669     
         102           1   0.0000000000000000        64.000000000000000        69.000000000000000       0.36685814486152024       0.33731260841080335     
         103           1   0.0000000000000000        72.000000000000000        65.000000000000000       -2.3078132361641024       -1.5855709173711421     
         104           1   0.0000000000000000        67.000000000000000        64.000000000000000       0.39313599433667284       0.26193455859546305     
         105           0        -999        -999        -999 -0.24966190841066493      -0.17314505146605103     
         106           1   0.0000000000000000        68.000000000000000        62.000000000000000       -8.7203253644933559E-002  -6.0505924725617478E-002
         107           0        -999        -999        -999   2.3476582577656031        1.7485858035086188     
         108           1   0.0000000000000000        61.000000000000000        62.000000000000000        1.8438290930598986        1.2884442728111016     
         109           1   0.0000000000000000        72.000000000000000        67.000000000000000       -2.7904902559824776       -1.9446562302580011     
         110           0        -999        -999        -999  -3.4345822178672325E-002   1.1593929972493011E-002
         111           0        -999        -999        -999  -2.6480777338153922       -1.8939040409137564     
         112           0        -999        -999        -999   2.5784909108991592        1.8080932031951447     
         113           1   0.0000000000000000        68.000000000000000        64.000000000000000      -0.25582535776328952      -0.21538344176753577     
         114           1   0.0000000000000000        70.000000000000000        71.000000000000000      -0.18975686887346274      -0.10284961261290905     
         115           0        -999        -999        -999  -2.4705324816871101       -1.7833758871230960     
         116           1   0.0000000000000000        73.000000000000000        66.000000000000000       -2.4773117780087448       -1.7686687576674243     
         117           1   1.0000000000000000        59.000000000000000        62.000000000000000        2.9512932431839221        2.0528306045263629     
         118           1   0.0000000000000000        61.000000000000000        60.000000000000000        2.3744592778354754        1.7161475835439020     
         119           1   0.0000000000000000        64.000000000000000        62.000000000000000        1.5453231444779467        1.0890470396464038     
         120           1   1.0000000000000000        61.000000000000000        62.000000000000000        2.8579460435315904        1.9275998492303708     
         121           1   0.0000000000000000        72.000000000000000        64.000000000000000       -2.4156198835697635       -1.6296210919902030     
         122           0        -999        -999        -999  0.68739356836894383       0.56892033115329288     
         123           1   0.0000000000000000        72.000000000000000        66.000000000000000       -1.7490815126275390       -1.2233743952929286     
         124           1   0.0000000000000000        62.000000000000000        64.000000000000000       0.33885668977961486       0.23232548443832132     
         125           0        -999        -999        -999 -0.17661073140940708      -0.13158209537659996     
         126           1   0.0000000000000000        67.000000000000000        64.000000000000000       -8.7855482594786233E-002  -5.4767006142040497E-002
         127           0        -999        -999        -999  -1.6434103240359230       -1.1420884878405209     
         128           1   0.0000000000000000        68.000000000000000        64.000000000000000       -1.1200557556015949      -0.76772020405547503     
         129           1   1.0000000000000000        69.000000000000000        64.000000000000000      -0.69330783912851757      -0.46067404964019282     
         130           1   0.0000000000000000        64.000000000000000        63.000000000000000       0.54231565366843359       0.41341628936721392     
         131           0        -999        -999        -999 -0.53822565020925039      -0.35311548972870960     
         132           0        -999        -999        -999  0.59486506285694152       0.42537164744007955     
         133           1   0.0000000000000000        67.000000000000000        67.000000000000000       -1.1430011367712738      -0.82611522793998970     
         134           1   0.0000000000000000        61.000000000000000        62.000000000000000        2.0904695187132614        1.4439551679259126     
         135           0        -999        -999        -999  -1.6482967369924379       -1.1856270658962107     
         136           1   0.0000000000000000        80.000000000000000        73.000000000000000        1.9810009098102679E-002   1.4276414901618502E-002
         137           1   0.0000000000000000        70.000000000000000        65.000000000000000       -1.2022338170834972      -0.93640576409082854     
         138           1   0.0000000000000000        71.000000000000000        66.000000000000000       -1.5598309006794353       -1.0773084969641082     
         139           1   0.0000000000000000        60.000000000000000        60.000000000000000        3.3830170694953443        2.3681500576879833     
         140           0        -999        -999        -999   3.1121876155262562        2.2488585935272907     
         141           1   0.0000000000000000        68.000000000000000        64.000000000000000       -1.8381596816606198       -1.3030218941859730     
         142           1   0.0000000000000000        62.000000000000000        63.000000000000000        1.7004530523920862        1.2111417268688078     
         143           1   0.0000000000000000        62.000000000000000        61.000000000000000        2.2618854193209375        1.6192204632600189     
         144           1   0.0000000000000000        62.000000000000000        62.000000000000000        1.0698097063995848       0.72361741155039350     
         145           1   1.0000000000000000        63.000000000000000        62.000000000000000        1.0005273729976236       0.69033437768607986     
         146           1   0.0000000000000000        70.000000000000000        65.000000000000000       -1.1120515703909586      -0.74271742028459131     
         147           1   1.0000000000000000        74.000000000000000        69.000000000000000       -3.7705954077157950       -2.6711165770044314     
         148           1   0.0000000000000000        72.000000000000000        68.000000000000000       -2.6716975921515478       -1.8502287538640594     
         149           1   1.0000000000000000        63.000000000000000        62.000000000000000        6.8156949882297216E-002   7.9715401352418030E-002
         150           1   0.0000000000000000        70.000000000000000        66.000000000000000       -1.8225082088811226       -1.1897817861587070     
         151           1   0.0000000000000000        65.000000000000000        62.000000000000000       -4.9374693664285464E-002  -3.1734513689591876E-002
         152           1   0.0000000000000000        58.000000000000000        60.000000000000000        3.3518604282329436        2.3040680746399556     
         153           1   1.0000000000000000        60.000000000000000        61.000000000000000        2.8630526079261056        2.1221542534149211     
         154           0        -999        -999        -999  -2.0107896230027045       -1.3675944148052575     
         155           1   0.0000000000000000        72.000000000000000        66.000000000000000       -2.5037864732677657       -1.8094293086768738     
         156           1   0.0000000000000000        70.000000000000000        67.000000000000000       -1.7447940668017667       -1.2014037921397496     
         157           0        -999        -999        -999  -1.5211041713061244       -1.1204595172899046     
         158           0        -999        -999        -999  -4.3168213412407823       -3.0798861555087820     
         159           0        -999        -999        -999 -0.60383628527065103      -0.42681344277435396     
         160           0        -999        -999        -999  -1.7881613811546229       -1.2819284492262892     
         161           1   1.0000000000000000        62.000000000000000        61.000000000000000        1.8523579797731349        1.3825477110246913     
         162           1   0.0000000000000000        69.000000000000000        65.000000000000000       -1.9757775152753307       -1.3482396923490598     
         163           1   0.0000000000000000        62.000000000000000        62.000000000000000        2.6104881203043133        1.8638953447675477     
         164           1   0.0000000000000000        73.000000000000000        67.000000000000000       -2.5655845389337504       -1.8008245922146597     
         165           0        -999        -999        -999  0.15424015689765111        6.0968255289464937E-002
         166           1   0.0000000000000000        63.000000000000000        62.000000000000000        3.4700169441817277        2.5370112078215250     
         167           1   1.0000000000000000        69.000000000000000        66.000000000000000       -1.4265780716649314       -1.0542888738579048     
         168           0        -999        -999        -999 -0.89187531277996313      -0.63826383457390146     
         169           1   1.0000000000000000        68.000000000000000        64.000000000000000       -1.4455060340279697      -0.97622305791357922     
         170           1   0.0000000000000000        67.000000000000000        64.000000000000000      -0.86925309650933036      -0.69420680366564480     
         171           1   0.0000000000000000        64.000000000000000        64.000000000000000      -0.42424043709482673      -0.24987775432922915     
         172           1   0.0000000000000000        69.000000000000000        67.000000000000000       -1.8825195583447234       -1.4080458741642941     
         173           1   0.0000000000000000        67.000000000000000        65.000000000000000       -1.1516229050157691      -0.85623376621966829     
         174           1   0.0000000000000000        62.000000000000000        60.000000000000000        2.5611931063986217        1.7269559276732367     
         175           1   0.0000000000000000        64.000000000000000        62.000000000000000       0.27994997522024340       0.19687612155908774     
         176           0        -999        -999        -999  -1.2744641321809651      -0.88790105097530825     
         177           1   0.0000000000000000        63.000000000000000        65.000000000000000       -8.0151781940299149E-004  -4.0998918184745820E-003
         178           1   0.0000000000000000        62.000000000000000        61.000000000000000        1.7956491234611256        1.2347675526973392     
         179           1   0.0000000000000000        63.000000000000000        64.000000000000000       0.24241533258303183       0.16975357053282764     
         180           1   0.0000000000000000        62.000000000000000        62.000000000000000        1.1861265680096114       0.85699538417717236     
         181           1   0.0000000000000000        67.000000000000000        67.000000000000000       -1.3716832562593393      -0.98325828441269802     
         182           1   0.0000000000000000        62.000000000000000        61.000000000000000        1.8188531255481195        1.3410376843518883     
         183           0        -999        -999        -999 -0.77017484114527224      -0.52767258556817809     
         184           0        -999        -999        -999 -0.57983015101167790      -0.43288513294361464     
         185           0        -999        -999        -999  0.99692429301049390       0.68658319921655286     
         186           0        -999        -999        -999   3.8093711844710709        2.6596008532078486     
         187           1   0.0000000000000000        71.000000000000000        68.000000000000000       -2.9677794448839068       -2.0997829830541472     
         188           1   0.0000000000000000        69.000000000000000        65.000000000000000       -1.8140367993080633       -1.3293595473512305     
         189           0        -999        -999        -999   5.2380521694637035E-002  -1.2675493359475805E-002
         190           1   0.0000000000000000        58.000000000000000        68.000000000000000        3.2568316836243820        2.4718759623333031     
         191           1   0.0000000000000000        75.000000000000000        68.000000000000000       -3.9533015074317355       -2.7899674195584798     
         192           1   1.0000000000000000        62.000000000000000        61.000000000000000        2.3210792028932734        1.5674433151397893     
         193           1   0.0000000000000000        62.000000000000000        61.000000000000000        1.8001535690507253        1.3063607234815711     
         194           1   0.0000000000000000        68.000000000000000        64.000000000000000      -0.23295745480340607      -0.10561009637378525     
         195           1   0.0000000000000000        71.000000000000000        65.000000000000000       -2.0009941118952930       -1.4226107207653746     
         196           1   0.0000000000000000        58.000000000000000        60.000000000000000        2.6474744069786276        1.9290012110931289     
         197           1   0.0000000000000000        57.000000000000000        61.000000000000000        3.1172268022801743        2.2048757599871012     
         198           1   0.0000000000000000        71.000000000000000        66.000000000000000       -3.5759887243366926       -2.5046677520510374     
         199           0        -999        -999        -999  -2.3505300008361876       -1.6739488428892408     
         200           1   0.0000000000000000        62.000000000000000        62.000000000000000        1.0233907760719088       0.73356211180273390     
         201           1   0.0000000000000000        60.000000000000000        60.000000000000000        2.7721328167403896        1.9567207471726815     
         202           1   0.0000000000000000        69.000000000000000        64.000000000000000      -0.99071862842866854      -0.63585089503114323     
         203           1   1.0000000000000000        70.000000000000000        67.000000000000000       -1.9143927984514639       -1.4139746602887400     
         204           1   1.0000000000000000        59.000000000000000        59.000000000000000        3.5486644155693381        2.5287415317156112     
         205           0        -999        -999        -999   1.0832109577875808       0.77976671789574437     
         206           1   0.0000000000000000        63.000000000000000        63.000000000000000        1.1075943645773580       0.75068698666927347     
         207           1   0.0000000000000000        63.000000000000000        63.000000000000000       0.71926555058039954       0.53587466150603469     
         208           1   0.0000000000000000        65.000000000000000        63.000000000000000       -9.9051210850985023E-003  -7.6369665862746432E-004
         209           1   0.0000000000000000        60.000000000000000        61.000000000000000        2.1143802488655798        1.5384143432026789     
         210           1   0.0000000000000000        63.000000000000000        64.000000000000000        6.1787138909325509E-002  -8.1535556027339823E-003
         211           1   0.0000000000000000        73.000000000000000        68.000000000000000       -2.8056605926069262       -2.0523455983102958     
         212           1   0.0000000000000000        71.000000000000000        65.000000000000000       -2.0626403672188345       -1.4568539294017646     
         213           1   1.0000000000000000        62.000000000000000        60.000000000000000        2.1539599792645334        1.4626421110847323     
         214           1   0.0000000000000000        69.000000000000000        65.000000000000000       -1.1441653729922221      -0.83886899485832078     
         215           1   0.0000000000000000        69.000000000000000        64.000000000000000       -1.9779421412028462       -1.4468499430793085     
         216           1   0.0000000000000000        69.000000000000000        65.000000000000000       -1.9880680846558045       -1.4277956516045505     
         217           1   0.0000000000000000        65.000000000000000        63.000000000000000       0.14857114890005302       0.12106855261777991     
         218           1   0.0000000000000000        60.000000000000000        61.000000000000000        2.0166503043879054        1.4936432157135306     
         219           1   0.0000000000000000        60.000000000000000        68.000000000000000        2.0036137910368605        1.4738635304006311     
         220           1   0.0000000000000000        67.000000000000000        67.000000000000000       -1.7546815281102430       -1.1841458394194930     
         221           1   1.0000000000000000        62.000000000000000        62.000000000000000        1.2888377131651205       0.91497050016658676     
         222           1   0.0000000000000000        65.000000000000000        63.000000000000000      -0.35553340654457716      -0.25400661752125819     
         223           1   0.0000000000000000        62.000000000000000        61.000000000000000        1.9643686677321306        1.4788317002355922     
         224           1   0.0000000000000000        68.000000000000000        65.000000000000000       -1.3051311692597258      -0.89134216349951445     
         225           1   1.0000000000000000        63.000000000000000        62.000000000000000       0.32138833090569136       0.26781375228745569     
         226           0        -999        -999        -999 -0.74466087926990310      -0.53769072439430188     
         227           0        -999        -999        -999  0.62807107882855295       0.45204009084386643     
         228           1   0.0000000000000000        67.000000000000000        64.000000000000000        1.4885039798726596        1.0275670275371842     
         229           1   0.0000000000000000        63.000000000000000        61.000000000000000       -3.2452168443795032E-002  -5.3141316880349577E-003
         230           0        -999        -999        -999  -1.9424955970864581       -1.3514170677020017     
         231           1   0.0000000000000000        61.000000000000000        61.000000000000000        1.9499922170945023        1.4190757827079608     
         232           0        -999        -999        -999  -1.1025730006798997      -0.79473910096472677     
         233           1   0.0000000000000000        71.000000000000000        65.000000000000000       -1.9959573277580862       -1.3985346276129820     
         234           1   0.0000000000000000        65.000000000000000        64.000000000000000        8.7817974487735834E-003  -2.0579551732471831E-002
         235           1   0.0000000000000000        72.000000000000000        68.000000000000000       -3.3136574918727049       -2.4423446813891010     
         236           1   0.0000000000000000        69.000000000000000        65.000000000000000       -1.9108643418882734       -1.4197270162380038     
         237           1   1.0000000000000000        57.000000000000000        60.000000000000000        2.3459775782234020        1.7570577058561432     
         238           1   0.0000000000000000        57.000000000000000        59.000000000000000        3.5407247696648163        2.5710835533262273     
         239           1   0.0000000000000000        58.000000000000000        63.000000000000000        1.4073608120751806       0.94210889660794461     
         240           1   0.0000000000000000        70.000000000000000        64.000000000000000       -1.8183705430743990       -1.3022075776591848     
         241           1   1.0000000000000000        68.000000000000000        64.000000000000000       -1.5456584247900771       -1.0499598720872632     
         242           0        -999        -999        -999 -0.57387597441405158      -0.48475241621418752     
         243           0        -999        -999        -999 -0.42126366662184078      -0.29427356267904392     
         244           1   0.0000000000000000        72.000000000000000        66.000000000000000       -2.2086118198489681       -1.5736537815883138     
         245           0        -999        -999        -999   2.2741323520957981        1.5736798481240455     
         246           0        -999        -999        -999   6.2101063250470892E-002   9.9807892304218132E-002
         247           1   0.0000000000000000        62.000000000000000        61.000000000000000        1.6323456538774099        1.1811852891689176     
         248           1   0.0000000000000000        61.000000000000000        60.000000000000000        2.4371084476226730        1.7378245835855521     
         249           1   0.0000000000000000        69.000000000000000        63.000000000000000      -0.28562392336920278      -0.23054961878065125     
         250           1   0.0000000000000000        69.000000000000000        68.000000000000000       -1.7892654670467594       -1.2589666268180240     
         251           1   0.0000000000000000        57.000000000000000        59.000000000000000        4.2488360748772394        3.0444544783898029     
         252           1   0.0000000000000000        64.000000000000000        62.000000000000000       0.47400633545096249       0.28677494376488022     
         253           1   0.0000000000000000        68.000000000000000        67.000000000000000      -0.85652599259785200      -0.61539820738375151     
         254           0        -999        -999        -999   1.0386230130076648       0.73280009635298637     
         255           1   0.0000000000000000        66.000000000000000        64.000000000000000      -0.19538967257308670      -0.10477459377933697     
         256           0        -999        -999        -999  -2.5953077772148094       -1.8831789009324604     
         257           1   0.0000000000000000        62.000000000000000        62.000000000000000        1.5837953481867222        1.1387668105619244     
         258           1   0.0000000000000000        63.000000000000000        62.000000000000000        1.3881665044676998        1.0578264661018533     
         259           1   1.0000000000000000        67.000000000000000        65.000000000000000      -0.23538534878285503       -8.6573288714758945E-002
         260           1   0.0000000000000000        73.000000000000000        69.000000000000000       -4.2582071269314739       -3.0058904285290051     
         261           1   0.0000000000000000        62.000000000000000        62.000000000000000        1.3146921431148864       0.88970464672454952     
         262           1   0.0000000000000000        68.000000000000000        63.000000000000000      -0.89275866531064030      -0.62624757697994382     
         263           1   0.0000000000000000        60.000000000000000        60.000000000000000        2.6550130667841341        2.0081251709543362     
         264           1   0.0000000000000000        74.000000000000000        67.000000000000000       -2.7277514375336143       -1.9482220668410104     
         265           1   0.0000000000000000        57.000000000000000        61.000000000000000        3.4389090677874514        2.4097181638291896     
         266           1   0.0000000000000000        69.000000000000000        65.000000000000000       -2.0867149222578103       -1.4972793851301804     
         267           1   0.0000000000000000        56.000000000000000        56.000000000000000        5.1458709023059415        3.7198181075258954     
         268           1   0.0000000000000000        62.000000000000000        63.000000000000000       0.71866332035142544       0.56723360354432384     
         269           1   0.0000000000000000        61.000000000000000        58.000000000000000        3.4550242497693553        2.5294801259168849     
         270           1   0.0000000000000000        63.000000000000000        62.000000000000000        1.2083939510165742       0.88181912259028150     
         271           1   1.0000000000000000        63.000000000000000        63.000000000000000       0.38892933410478053       0.25195370216994645     
         272           0        -999        -999        -999  0.34349581186747863       0.27077827849492375     
         273           1   0.0000000000000000        64.000000000000000        64.000000000000000       0.21727278406304670       0.17070971172197466     
         274           1   0.0000000000000000        73.000000000000000        63.000000000000000        1.4312804199588449        1.0203158776543337     
         275           1   0.0000000000000000        68.000000000000000        65.000000000000000      -0.84042964669606757      -0.64723527765552580     
         276           1   0.0000000000000000        62.000000000000000        62.000000000000000       0.32637859265625119       0.21600610680446575     
         277           0        -999        -999        -999 -0.13086962162007085      -0.13748748472419600     
         278           1   0.0000000000000000        71.000000000000000        67.000000000000000       -2.5339046074697920       -1.8094653684418345     
         279           1   0.0000000000000000        73.000000000000000        69.000000000000000       -3.7709413296203094       -2.7411724434631202     
         280           1   0.0000000000000000        68.000000000000000        65.000000000000000       -1.4899328091777997       -1.0494858998154537     
         281           1   0.0000000000000000        68.000000000000000        65.000000000000000      -0.82794957111453205      -0.55050014322735052     
         282           1   0.0000000000000000        57.000000000000000        59.000000000000000        4.0096909644710097        2.8355546804744716     
         283           1   0.0000000000000000        69.000000000000000        66.000000000000000       -1.3776647040626619      -0.97657322404260694     
         284           1   0.0000000000000000        61.000000000000000        62.000000000000000        2.1845063039997452        1.5997571201704264     
         285           1   0.0000000000000000        62.000000000000000        61.000000000000000        1.9310468701745567        1.3887722471247406     
         286           1   0.0000000000000000        71.000000000000000        65.000000000000000       -1.9792804508416253       -1.3677532734724815     
         287           1   0.0000000000000000        71.000000000000000        66.000000000000000       -1.8153702362805952       -1.3296601856930246     
         288           1   0.0000000000000000        70.000000000000000        65.000000000000000       -1.7345536024641626       -1.2131732027919724     
         289           1   0.0000000000000000        61.000000000000000        62.000000000000000        2.7102533529073698        1.8543410637992341     
         290           0        -999        -999        -999  -2.0375311529832434       -1.4458576857362972     
         291           0        -999        -999        -999  -3.7434695043454274       -2.6876839281972580     
         292           1   0.0000000000000000        71.000000000000000        67.000000000000000       -2.7607261426844398       -1.9115320320366860     
         293           1   0.0000000000000000        70.000000000000000        66.000000000000000       -2.1591851982236774       -1.5475175331432385     
         294           1   0.0000000000000000        63.000000000000000        61.000000000000000        1.7373223405601577        1.2196660526681653     
         295           1   0.0000000000000000        66.000000000000000        64.000000000000000      -0.64902918490346606      -0.38435328187897916     
         296           0        -999        -999        -999  0.30682724204048223       0.19296476114631705     
         297           1   1.0000000000000000        73.000000000000000        68.000000000000000       -3.0531149046159607       -2.1130053242522191     
         298           1   0.0000000000000000        68.000000000000000        75.000000000000000       -2.1618296525798923       -1.5470164105096171     
         299           1   0.0000000000000000        70.000000000000000        64.000000000000000       -1.7840221990262202       -1.2579107196028299     
         300           1   0.0000000000000000        68.000000000000000        65.000000000000000      -0.98297477963899138      -0.65870319673125466     
         301           1   1.0000000000000000        62.000000000000000        62.000000000000000        2.4038872689502484        1.7648935488091697     
         302           1   0.0000000000000000        69.000000000000000        68.000000000000000       -2.2490235333635282       -1.6112530038456325     
         303           1   0.0000000000000000        69.000000000000000        64.000000000000000      -0.94395810360973842      -0.68958808784068770     
         304           1   0.0000000000000000        74.000000000000000        70.000000000000000       -3.7046916300738619       -2.6682543848879643     
         305           1   0.0000000000000000        62.000000000000000        62.000000000000000        1.3406875468615218       0.94360102497118459     
         306           1   0.0000000000000000        63.000000000000000        64.000000000000000       0.15796900627854205        8.2090753518631848E-002
         307           0        -999        -999        -999   2.0849066594541550        1.5483604007873175     
         308           1   0.0000000000000000        62.000000000000000        62.000000000000000        1.1801061464232634       0.84708910431475370     
         309           1   0.0000000000000000        70.000000000000000        66.000000000000000       -1.4670395553794109       -1.0609046303997522     
         310           1   0.0000000000000000        67.000000000000000        67.000000000000000      -0.99426284221348693      -0.75665428044525351     
         311           1   0.0000000000000000        61.000000000000000        62.000000000000000        1.9003143537376395        1.3474414493612830     
         312           1   1.0000000000000000        62.000000000000000        59.000000000000000        1.4752200095871422        1.0148725651024364     
         313           1   0.0000000000000000        71.000000000000000        68.000000000000000       -1.5020884322970440       -1.0605729738189813     
         314           0        -999        -999        -999  -1.4939118471819912       -1.0523452576972678     
         315           1   0.0000000000000000        65.000000000000000        65.000000000000000       -1.6612563805432704E-002  -9.5172987274871446E-002
         316           1   0.0000000000000000        72.000000000000000        65.000000000000000       -1.9231677147018400       -1.3101952490491999     
         317           0        -999        -999        -999  -1.2097728336283389      -0.86420118989907269     
         318           1   0.0000000000000000        63.000000000000000        63.000000000000000        7.1132362756583176E-002   2.7361353726132808E-002
         319           1   0.0000000000000000        73.000000000000000        69.000000000000000       -3.1701308326396576       -2.2714881124349677     
         320           0        -999        -999        -999   3.0283976983746834        2.2570113852224649     
         321           1   0.0000000000000000        60.000000000000000        61.000000000000000        2.5713138464542244        1.8158701651537155     
         322           0        -999        -999        -999  0.32972896698344656       0.19305152357925401     
         323           0        -999        -999        -999  -2.7346221356349631       -2.0060004807651022     
         324           1   1.0000000000000000        65.000000000000000        64.000000000000000       0.28029368133852206       0.20546875188113034     
         325           1   0.0000000000000000        69.000000000000000        65.000000000000000       -1.8683545004962623       -1.3466263264459832     
         326           0        -999        -999        -999   2.3987603610484180E-002  -8.5743653047824532E-003
         327           1   0.0000000000000000        62.000000000000000        61.000000000000000        1.7466183688393671        1.2607197690134115     
         328           1   0.0000000000000000        69.000000000000000        62.000000000000000       -1.0205916072033185      -0.64448439590896967     
         329           1   0.0000000000000000        65.000000000000000        60.000000000000000       0.54708341123959403       0.38430461310399833     
         330           1   0.0000000000000000        73.000000000000000        70.000000000000000       -3.6891406057700995       -2.5090050509192490     
         331           0        -999        -999        -999 -0.13333263916108196      -0.16263960151434154     
         332           1   0.0000000000000000        61.000000000000000        59.000000000000000        2.0633955743722407        1.4403241739545181     
         333           1   0.0000000000000000        62.000000000000000        62.000000000000000       0.64012556710049995       0.46011349781476779     
         334           1   0.0000000000000000        72.000000000000000        68.000000000000000       -3.4369248091425471       -2.5398865722021138     
         335           1   0.0000000000000000        67.000000000000000        64.000000000000000      -0.75233407974597188      -0.62433742703344064     
         336           0        -999        -999        -999   1.4084198398715038        1.0243614596057982     
         337           1   0.0000000000000000        70.000000000000000        61.000000000000000       0.45968098345674674       0.36084780814488765     
         338           0        -999        -999        -999  -2.5745065722443354       -1.8394989681332361     
         339           1   0.0000000000000000        59.000000000000000        58.000000000000000        2.5149478363651903        1.8321577256914714     
         340           1   0.0000000000000000        67.000000000000000        63.000000000000000      -0.42500300079016995      -0.25483143710756595     
         341           1   0.0000000000000000        72.000000000000000        67.000000000000000       -3.8131909594807594       -2.7581570679831278     
         342           1   0.0000000000000000        74.000000000000000        70.000000000000000       -3.0790861097905271       -2.1695638034751532     
         343           1   0.0000000000000000        60.000000000000000        62.000000000000000        1.7359429248922431        1.2385433457280595     
         344           1   0.0000000000000000        66.000000000000000        61.000000000000000       0.27541639448881056       0.21198126555915994     
         345           0        -999        -999        -999   2.1558317820016346        1.5774287636671713     
         346           1   0.0000000000000000        72.000000000000000        67.000000000000000       -3.0217717661042962       -2.1502741208369813     
         347           1   0.0000000000000000        68.000000000000000        68.000000000000000       -2.2543923146200653       -1.6418948600806169     
         348           0        -999        -999        -999  -1.6424300514318155       -1.1446371257456927     
         349           1   0.0000000000000000        62.000000000000000        60.000000000000000        1.3054906764400636       0.93955772666055015     
         350           1   0.0000000000000000        65.000000000000000        64.000000000000000      -0.57564122769937964      -0.45056945139434079     
         351           1   1.0000000000000000        62.000000000000000        62.000000000000000        1.5044073794031221        1.0843380994165750     
         352           0        -999        -999        -999   1.9429022247261478        1.3827107496642048     
         353           1   0.0000000000000000        67.000000000000000        63.000000000000000       -5.9297848495955881E-002  -1.9460540259634285E-002
         354           1   0.0000000000000000        69.000000000000000        67.000000000000000       -1.7753690153150359       -1.2396338733323378     
         355           1   0.0000000000000000        61.000000000000000        61.000000000000000        2.1547558167921053        1.4996628941164045     
         356           1   0.0000000000000000        71.000000000000000        67.000000000000000       -2.6021344246816649       -1.8402852334641500     
         357           1   0.0000000000000000        67.000000000000000        63.000000000000000      -0.25934987029156903      -0.17678406203881128     
         358           1   0.0000000000000000        76.000000000000000        69.000000000000000       -3.2517547379162584       -2.3007739284251683     
         359           0        -999        -999        -999 -0.39189924946479304      -0.26276883998638956     
         360           1   0.0000000000000000        69.000000000000000        62.000000000000000       -1.1300165559977267      -0.81020422204666531     
         361           1   0.0000000000000000        70.000000000000000        64.000000000000000       -2.1224190973225703       -1.4503006904944835     
         362           1   0.0000000000000000        62.000000000000000        59.000000000000000        1.8050723387741527        1.3075679282094461     
         363           0        -999        -999        -999   3.4189560519559965        2.4062202222970184     
         364           0        -999        -999        -999  -1.3740635232211011      -0.92125159742471296     
         365           1   0.0000000000000000        68.000000000000000        67.000000000000000       -1.7245134209189117       -1.2391725482802551     
         366           0        -999        -999        -999   1.7712434321856605        1.2821141212654492     
         367           1   0.0000000000000000        67.000000000000000        64.000000000000000      -0.50080723623428280      -0.33394671584261437     
         368           1   0.0000000000000000        74.000000000000000        68.000000000000000       -3.4739681719512254       -2.5250791496717717     
         369           0        -999        -999        -999   1.0146017564432257       0.67622678103079148     
         370           1   0.0000000000000000        71.000000000000000        67.000000000000000       -2.7874470724022040       -2.0188234080820506     
         371           1   0.0000000000000000        64.000000000000000        64.000000000000000       0.34683708770014943       0.13879073475897441     
         372           0        -999        -999        -999   1.9594530749230956        1.3812165692188589     
         373           1   0.0000000000000000        65.000000000000000        65.000000000000000      -0.86717025009962456      -0.73106095365919488     
         374           1   0.0000000000000000        61.000000000000000        61.000000000000000        1.8446490742783788        1.3312217914651541     
         375           1   1.0000000000000000        67.000000000000000        66.000000000000000      -0.74681599928648212      -0.56713110559416735     
         376           1   0.0000000000000000        67.000000000000000        63.000000000000000       0.70139851736237202       0.44991509850813899     
         377           1   0.0000000000000000        64.000000000000000        62.000000000000000       0.13903607579935856        4.1186849078986523E-002
         378           1   1.0000000000000000        61.000000000000000        60.000000000000000        3.4915546194944209        2.4212809553409209     
         379           1   1.0000000000000000        68.000000000000000        66.000000000000000       -1.1860810133577084      -0.89053828112354283     
         380           1   1.0000000000000000        62.000000000000000        62.000000000000000        1.0119127473647043       0.73342306502649768     
         381           1   0.0000000000000000        70.000000000000000        65.000000000000000       -1.3549264828508136      -0.96016155136922210     
         382           1   0.0000000000000000        69.000000000000000        64.000000000000000      -0.94489494205312130      -0.63266076404807914     
         383           1   1.0000000000000000        63.000000000000000        61.000000000000000        1.6550045752473665        1.1749650143572454     
         384           1   0.0000000000000000        73.000000000000000        66.000000000000000       -3.3472164533719768       -2.3070165161777894     
         385           1   0.0000000000000000        72.000000000000000        68.000000000000000       -3.1544585361972963       -2.2478283816392080     
         386           0        -999        -999        -999   1.5502286109755792        1.1043275691384229     
         387           0        -999        -999        -999   1.2672873170056378       0.86755972515779323     
         388           1   0.0000000000000000        63.000000000000000        62.000000000000000        1.2990694316705187       0.97786904954219678     
         389           0        -999        -999        -999   2.5178182823976449        1.8056335831275288     
         390           1   0.0000000000000000        65.000000000000000        63.000000000000000      -0.23280692015484081      -0.21169397593400224     
         391           0        -999        -999        -999 -0.79176094304922640      -0.49999274640962421     
         392           1   0.0000000000000000        58.000000000000000        57.000000000000000        3.8231867271938933        2.6288460897588424     
         393           1   1.0000000000000000        72.000000000000000        67.000000000000000       -2.4777728312651424       -1.8158811236774348     
         394           1   0.0000000000000000        61.000000000000000        64.000000000000000       0.19406399937622898        8.4419438086827336E-002
         395           1   0.0000000000000000        63.000000000000000        64.000000000000000       -7.3704721102780452E-002  -9.1027816320201321E-002
         396           1   1.0000000000000000        57.000000000000000        55.000000000000000        7.0422428088276012        5.0102336273986188     
         397           0        -999        -999        -999  0.46831413299347441       0.31425105338166648     
         398           1   1.0000000000000000        62.000000000000000        62.000000000000000        1.6597217136808318        1.2168896816263644     
         399           1   0.0000000000000000        58.000000000000000        59.000000000000000        4.2525091206101635        3.0260546140157869     
         400           1   0.0000000000000000        66.000000000000000        68.000000000000000      -0.50598184630101783      -0.32927576991861868     
         401           1   0.0000000000000000        71.000000000000000        65.000000000000000       -2.6628255576322606       -1.7661981154747912     
         402           1   0.0000000000000000        65.000000000000000        62.000000000000000      -0.79779059952929965      -0.56437310333664614     
         403           1   0.0000000000000000        73.000000000000000        68.000000000000000       -3.0573756699427563       -2.2146910186020374     
         404           1   1.0000000000000000        65.000000000000000        64.000000000000000      -0.18036560407396415       -9.6570916628198236E-002
         405           1   0.0000000000000000        62.000000000000000        62.000000000000000        1.9798953049491237        1.4357262521345078     
         406           0        -999        -999        -999  0.55986676711289884       0.31669825052833600     
         407           0        -999        -999        -999  -2.1512190509864313       -1.5217233990889412     
         408           1   0.0000000000000000        66.000000000000000        64.000000000000000       -1.4213417056809228      -0.96153681308257655     
         409           1   0.0000000000000000        62.000000000000000        62.000000000000000        2.1221982148402216        1.4778762383533219     
         410           1   0.0000000000000000        61.000000000000000        60.000000000000000        2.1723361783133628        1.5688083513849274     
         411           0        -999        -999        -999 -0.78945030727390886      -0.53957117667617815     
         412           1   0.0000000000000000        72.000000000000000        69.000000000000000       -3.4930516832838547       -2.5571584419560973     
         413           1   1.0000000000000000        67.000000000000000        63.000000000000000      -0.51413206440200987      -0.37063802362699050     
         414           1   0.0000000000000000        70.000000000000000        78.000000000000000       -3.1577400231169865       -2.2547452425301859     
         415           1   1.0000000000000000        64.000000000000000        64.000000000000000       -7.4231758126660385E-002  -9.3007719225317503E-002
         416           1   0.0000000000000000        58.000000000000000        62.000000000000000        2.4136585988979613        1.6897838798745948     
         417           0        -999        -999        -999 -0.90432443535925255      -0.63580965474609175     
         418           0        -999        -999        -999  0.47874867721401920       0.35307479989040097     
         419           1   0.0000000000000000        74.000000000000000        66.000000000000000       -2.9657195838097463       -2.1081880785287037     
         420           1   0.0000000000000000        71.000000000000000        66.000000000000000       -3.2064325205441406       -2.2388783938590406     
         421           1   0.0000000000000000        67.000000000000000        62.000000000000000       0.47040250707187697       0.31638641236230791     
         422           0        -999        -999        -999 -0.84657645991955888      -0.55733231152983820     
         423           1   0.0000000000000000        62.000000000000000        60.000000000000000        1.5527124893785811        1.1666275420301000     
         424           1   0.0000000000000000        72.000000000000000        65.000000000000000       -2.2072570935860965       -1.5473020496238741     
         425           1   0.0000000000000000        67.000000000000000        64.000000000000000      -0.31429535793302926      -0.24947759640173087     
         426           1   0.0000000000000000        73.000000000000000        65.000000000000000       -2.7791077540975082       -1.9961464814303593     
         427           1   0.0000000000000000        73.000000000000000        66.000000000000000       -3.1637140860476860       -2.1865069352586048     
         428           1   0.0000000000000000        70.000000000000000        65.000000000000000       -1.5427038127636512       -1.1710556100906264     
         429           1   0.0000000000000000        75.000000000000000        69.000000000000000       -3.4150515151699832       -2.4267166972978247     
         430           0        -999        -999        -999   2.2013570277868770        1.4874185300579434     
         431           0        -999        -999        -999  0.70074924670807104       0.46191484851638093     
         432           1   1.0000000000000000        62.000000000000000        61.000000000000000        2.0789624534450608        1.4873240294340246     
         433           1   0.0000000000000000        69.000000000000000        67.000000000000000      -0.31364010008947357      -0.25603719534714237     
         434           1   0.0000000000000000        71.000000000000000        65.000000000000000       -2.1857290422970452       -1.5307711141497504     
         435           0        -999        -999        -999  -2.9297607833960440       -2.1140166423556548     
         436           1   1.0000000000000000        64.000000000000000        62.000000000000000        4.9183265831618125E-002   8.4119697326909340E-002
         437           1   0.0000000000000000        65.000000000000000        65.000000000000000      -0.38230555524792764      -0.22367980633644721     
         438           1   0.0000000000000000        62.000000000000000        62.000000000000000        1.3760397201724450       0.91690094659768451     
         439           1   1.0000000000000000        61.000000000000000        62.000000000000000        2.2060587311787003        1.6482872061470299     
         440           1   0.0000000000000000        69.000000000000000        61.000000000000000      -0.88835711311224141      -0.63652317876379005     
         441           1   1.0000000000000000        61.000000000000000        61.000000000000000        3.3623593291980614        2.3576688893520359     
         442           1   0.0000000000000000        71.000000000000000        69.000000000000000       -2.6146379017865358       -1.8157896808512894     
         443           0        -999        -999        -999  -2.9839728417645417       -2.0936917152502530     
         444           0        -999        -999        -999  -1.5607397370790295       -1.1406370253806366     
         445           0        -999        -999        -999   1.7938592803991371        1.2807966868515464     
         446           1   0.0000000000000000        65.000000000000000        63.000000000000000      -0.17502015257218989      -0.10569880296236059     
         447           1   0.0000000000000000        65.000000000000000        63.000000000000000      -0.26288529370769909      -0.22920287156813113     
         448           1   0.0000000000000000        61.000000000000000        60.000000000000000        1.8897993794262107        1.3563245607313568     
         449           1   0.0000000000000000        59.000000000000000        59.000000000000000        2.8049736675258896        1.9423287942310736     
         450           0        -999        -999        -999 -0.70145383573915709      -0.48437157608437220     
         451           0        -999        -999        -999  -2.9775887500800851       -2.1248393113725146     
         452           1   0.0000000000000000        62.000000000000000        62.000000000000000        1.4920348423081111        1.0514754576670073     
         453           1   0.0000000000000000        68.000000000000000        65.000000000000000       -1.4225984252547821      -0.99502832357990445     
         454           1   0.0000000000000000        67.000000000000000        63.000000000000000      -0.67699196900428571      -0.55578391462365262     
         455           1   0.0000000000000000        74.000000000000000        67.000000000000000       -3.6337604158325547       -2.5641689119442326     
         456           1   0.0000000000000000        69.000000000000000        63.000000000000000      -0.81560172793345398      -0.54448835066424284     
         457           1   0.0000000000000000        60.000000000000000        61.000000000000000        3.0697880806829105        2.1677518489815295     
         458           0        -999        -999        -999  -2.4084448182380194       -1.7469204792402484     
         459           0        -999        -999        -999  -1.9461615616620151       -1.3593866133553525     
         460           1   0.0000000000000000        72.000000000000000        66.000000000000000       -2.8133370430240570       -2.0453138169234184     
         461           1   0.0000000000000000        72.000000000000000        68.000000000000000       -2.7636150440838261       -1.9725042134127455     
         462           1   0.0000000000000000        74.000000000000000        70.000000000000000       -4.2382344665454204       -3.0600865756693367     
         463           1   0.0000000000000000        66.000000000000000        63.000000000000000      -0.36272755332272988      -0.31261476288245782     
         464           1   0.0000000000000000        62.000000000000000        64.000000000000000        1.5429382518493329        1.0963417293674629     
         465           1   0.0000000000000000        64.000000000000000        63.000000000000000        1.3565272703360662       0.94586247584623906     
         466           1   0.0000000000000000        68.000000000000000        66.000000000000000      -0.73650915207883383      -0.49263940606737633     
         467           0        -999        -999        -999  0.71635163670910917       0.44791310793537470     
         468           1   0.0000000000000000        64.000000000000000        62.000000000000000       0.37447677370103405       0.31303984700159448     
         469           0        -999        -999        -999   2.2781195504252336        1.6928731484143795     
         470           0        -999        -999        -999   4.1658028879365927E-002   2.2855959025349964E-002
         471           0        -999        -999        -999   1.5926539852044237        1.1638487388762067     
         472           1   0.0000000000000000        62.000000000000000        62.000000000000000        1.4025509378896006       0.95510391704506792     
         473           1   0.0000000000000000        71.000000000000000        64.000000000000000       0.14577148923947619       0.10392715125806452     
         474           1   1.0000000000000000        59.000000000000000        59.000000000000000        3.4117146818887796        2.3692383604125631     
         475           1   1.0000000000000000        62.000000000000000        61.000000000000000        1.5698027354577595        1.1099721437006744     
         476           1   0.0000000000000000        69.000000000000000        64.000000000000000       -1.7159737466038584E-003  -1.7178036712971259E-002
         477           1   1.0000000000000000        62.000000000000000        62.000000000000000        4.3832779626316718        3.1978452757283913     
         478           1   0.0000000000000000        68.000000000000000        64.000000000000000      -0.11168457269137384      -0.10395294110061407     
         479           1   0.0000000000000000        60.000000000000000        62.000000000000000        1.9882581173205378        1.3949057893344772     
         480           0        -999        -999        -999   1.7190854104045414        1.2278285723223699     
         481           0        -999        -999        -999  -2.9946871259981687       -2.2170975836044371     
         482           1   0.0000000000000000        65.000000000000000        63.000000000000000      -0.29460158094080935      -0.18549561532621642     
         483           0        -999        -999        -999 -0.76585685845600604      -0.52442344381788253     
         484           1   1.0000000000000000        73.000000000000000        68.000000000000000       -3.6006952129325476       -2.4771877148652308     
         485           1   0.0000000000000000        60.000000000000000        57.000000000000000        3.0589780743875874        2.1815691936574564     
         486           0        -999        -999        -999  -2.8549542896819586       -2.0434088284580834     
         487           1   0.0000000000000000        63.000000000000000        65.000000000000000      -0.15456182415284225      -0.11561046974264422     
         488           1   0.0000000000000000        62.000000000000000        60.000000000000000        2.0631318072689595        1.4583328589823930     
         489           0        -999        -999        -999  -3.1683747602996299       -2.2099435472552136     
         490           0        -999        -999        -999  -1.0106497551636355      -0.67004337305975636     
         491           1   0.0000000000000000        58.000000000000000        62.000000000000000        2.1712217720986828        1.5842576633441243     
         492           0        -999        -999        -999  -2.7463670798766908       -1.9787060568830828     
         493           1   0.0000000000000000        65.000000000000000        63.000000000000000        8.4952315535093137E-002  0.10004301155021895     
         494           0        -999        -999        -999  -2.8134008852173724       -1.9836526193351935     
         495           1   0.0000000000000000        61.000000000000000        65.000000000000000        1.8967381955355451        1.3723276775235231     
         496           1   1.0000000000000000        69.000000000000000        65.000000000000000       -2.1917223469286293       -1.5496303422284969     
         497           1   0.0000000000000000        57.000000000000000        58.000000000000000        4.5688483352289726        3.3345861419571197     
         498           1   0.0000000000000000        64.000000000000000        62.000000000000000       -4.2157425252025732E-002  -7.2520407057737081E-003
         499           1   0.0000000000000000        59.000000000000000        60.000000000000000        2.8295203222666596        2.0130009901173525     
         500           1   0.0000000000000000        70.000000000000000        66.000000000000000       -1.6531333594252811       -1.1865428121787334     
         501           1   0.0000000000000000        72.000000000000000        66.000000000000000       -2.5605417659324679       -1.8397330765588242     
         502           1   0.0000000000000000        66.000000000000000        64.000000000000000      -0.17157719000501737      -0.10110582337883152     
         503           1   0.0000000000000000        69.000000000000000        63.000000000000000       -1.5922628831004950       -1.1421484412739065     
         504           0        -999        -999        -999 -0.76598770106847269      -0.52490379899790096     
         505           1   0.0000000000000000        62.000000000000000        62.000000000000000        1.4172141326528720       0.97032206217730643     
         506           0        -999        -999        -999 -0.75543623870115695      -0.52492524552375242     
         507           1   0.0000000000000000        67.000000000000000        64.000000000000000      -0.44054135436336367      -0.36606407294148580     
         508           1   1.0000000000000000        66.000000000000000        62.000000000000000      -0.60352859028641059      -0.43360716558245543     
         509           1   1.0000000000000000        55.000000000000000        57.000000000000000        4.9551938723642737        3.5741028255780685     
         510           1   0.0000000000000000        63.000000000000000        61.000000000000000        1.2021154229047732       0.84742602029882730     
         511           1   0.0000000000000000        73.000000000000000        68.000000000000000       -3.1021673172672930       -2.1744371793554311     
         512           1   0.0000000000000000        63.000000000000000        63.000000000000000       0.72862132686248515       0.51727320039040681     
         513           1   0.0000000000000000        68.000000000000000        63.000000000000000       -1.0618027997294355      -0.83630847983513845     
         514           1   1.0000000000000000        64.000000000000000        62.000000000000000       0.87374232054313783       0.59043729110792409     
         515           1   0.0000000000000000        72.000000000000000        67.000000000000000       -3.3007406559603978       -2.2434924034561434     
         516           1   0.0000000000000000        62.000000000000000        62.000000000000000        1.2886931451633368       0.95058015013125940     
         517           1   1.0000000000000000        64.000000000000000        62.000000000000000       0.64014545249774490       0.42505842519872800     
         518           1   1.0000000000000000        62.000000000000000        61.000000000000000        1.8961018915376200        1.3496625901266333     
         519           1   0.0000000000000000        62.000000000000000        62.000000000000000       0.65167682904229063       0.46910171044712284     
         520           1   0.0000000000000000        62.000000000000000        62.000000000000000       0.70400523841219087       0.52213254402138631     
         521           1   0.0000000000000000        59.000000000000000        64.000000000000000        2.4366363903047183        1.6710490675292988     
         522           1   0.0000000000000000        62.000000000000000        62.000000000000000       0.97983318407282372       0.68810944268281782     
         523           1   0.0000000000000000        59.000000000000000        61.000000000000000        2.9227934649868970        2.1268425659895764     
         524           1   0.0000000000000000        68.000000000000000        64.000000000000000      -0.78932303963308414      -0.60192931016173279     
         525           1   0.0000000000000000        72.000000000000000        67.000000000000000       -3.0832672282071032       -2.2055790290935349     
         526           1   0.0000000000000000        62.000000000000000        62.000000000000000       0.72584139372262613       0.47742363111193364     
         527           0        -999        -999        -999  -3.0305812307889175       -2.1353156716211683     
         528           0        -999        -999        -999  -2.6334574745169870       -1.8241404656408797     
         529           1   0.0000000000000000        68.000000000000000        66.000000000000000       -1.4596602239514076       -1.0286731601774937     
         530           1   0.0000000000000000        70.000000000000000        64.000000000000000       -2.4273284419595962       -1.7101634147683022     
         531           0        -999        -999        -999   2.1974211128914312        1.5723985640747771     
         532           1   0.0000000000000000        61.000000000000000        61.000000000000000        2.1092989906911415        1.4835344101974384     
         533           1   0.0000000000000000        59.000000000000000        57.000000000000000        3.5436820251430277        2.5709557590797480     
         534           1   0.0000000000000000        67.000000000000000        65.000000000000000       -1.3467522142186592      -0.98584760999822396     
         535           1   0.0000000000000000        62.000000000000000        62.000000000000000        1.2443569247615935       0.80165780376029194     
         536           1   0.0000000000000000        62.000000000000000        63.000000000000000       0.62647107374018252       0.48008605803018661     
         537           1   0.0000000000000000        69.000000000000000        68.000000000000000      -0.98928561691101746      -0.73709691583675596     
         538           0        -999        -999        -999  -3.5323877341405683       -2.4852454886334270     
         539           1   0.0000000000000000        68.000000000000000        63.000000000000000       -1.5306779416165737       -1.0566702108654225     
         540           0        -999        -999        -999 -0.97765375511506103      -0.73903861754957911     
         541           0        -999        -999        -999  -3.1989348038005705       -2.2073502071577384     
         542           0        -999        -999        -999   2.1639282698794431        1.5224288200812290     
         543           1   0.0000000000000000        65.000000000000000        64.000000000000000        4.2521543589733132E-002   6.0790472201314387E-002
         544           1   0.0000000000000000        59.000000000000000        58.000000000000000        3.4502252279768566        2.4302771062848549     
         545           1   0.0000000000000000        62.000000000000000        60.000000000000000        1.8333676321442534        1.3608410990005777     
         546           1   0.0000000000000000        67.000000000000000        62.000000000000000      -0.28460735472451437      -0.19884404910925713     
         547           1   0.0000000000000000        58.000000000000000        60.000000000000000        2.8612150453207179        1.9912244636152305     
         548           1   0.0000000000000000        70.000000000000000        68.000000000000000       -1.8540544005609407       -1.3132306803942941     
         549           0        -999        -999        -999   1.7853967051359485        1.2531303961540559     
         550           1   0.0000000000000000        67.000000000000000        65.000000000000000      -0.69639972671617900      -0.47061791297569988     
         551           0        -999        -999        -999  -3.8575503566687632       -2.7409917981057230     
         552           1   0.0000000000000000        68.000000000000000        66.000000000000000       -1.8615662346811781       -1.2923783788041856     
         553           1   0.0000000000000000        60.000000000000000        59.000000000000000        2.6730632548392763        1.8996087387964797     
         554           1   0.0000000000000000        72.000000000000000        68.000000000000000       -2.9350044691851171       -2.1217549932013107     
         555           1   0.0000000000000000        69.000000000000000        63.000000000000000       -1.6534470505401568       -1.1454431266152412     
         556           1   0.0000000000000000        68.000000000000000        64.000000000000000      -0.57821293389043837      -0.39628586526753901     
         557           1   0.0000000000000000        68.000000000000000        66.000000000000000       -1.0198334643243776      -0.71249272988910251     
         558           1   0.0000000000000000        58.000000000000000        58.000000000000000        3.3856679888205794        2.3583240471893077     
         559           1   0.0000000000000000        59.000000000000000        62.000000000000000        1.1204576816808445       0.82471246582733226     
         560           1   0.0000000000000000        62.000000000000000        61.000000000000000        1.2841659102212040        1.0124891409898944     
         561           1   0.0000000000000000        73.000000000000000        69.000000000000000       -3.0785336328139685       -2.1380176000499720     
         562           1   1.0000000000000000        56.000000000000000        55.000000000000000        4.5811746861985219        3.2920535725090416     
         563           1   0.0000000000000000        70.000000000000000        67.000000000000000       -2.5539811966478787       -1.7614494837959667     
         564           1   0.0000000000000000        65.000000000000000        62.000000000000000       0.20664350797566317       0.20165216690339283     
         565           1   0.0000000000000000        62.000000000000000        58.000000000000000        2.2142212347063763        1.5539268344384525     
         566           1   0.0000000000000000        74.000000000000000        69.000000000000000       -3.4433856357854209       -2.4331463958364132     
         567           1   0.0000000000000000        70.000000000000000        64.000000000000000       -1.4854229758246180      -0.98266001006420789     
         568           0        -999        -999        -999 -0.85396680992121277      -0.69350008920422579     
         569           0        -999        -999        -999 -0.77278554296961166      -0.58720929628350427     
         570           1   0.0000000000000000        72.000000000000000        68.000000000000000       -3.2793639943678063       -2.3429077729106154     
         571           1   1.0000000000000000        60.000000000000000        60.000000000000000        2.3776080378486344        1.6758185713534743     
         572           1   0.0000000000000000        62.000000000000000        62.000000000000000        1.1845074439661019       0.81195288366671237     
         573           1   0.0000000000000000        70.000000000000000        66.000000000000000       -2.0774998431133387       -1.4003034307985276     
         574           1   0.0000000000000000        54.000000000000000        58.000000000000000        4.9007690716545032        3.4853271469903917     
         575           1   0.0000000000000000        65.000000000000000        63.000000000000000       0.10374440443228984       0.11335135140034640     
         576           1   1.0000000000000000        62.000000000000000        62.000000000000000        1.7546874040280613        1.2164664446144335     
         577           1   1.0000000000000000        63.000000000000000        62.000000000000000        1.0306887427371687       0.76173793349780439     
         578           1   0.0000000000000000        58.000000000000000        61.000000000000000        3.3431881422389016        2.3315014838780148     
         579           1   0.0000000000000000        63.000000000000000        61.000000000000000        1.6696844848195385        1.1187554819909371     
         580           1   0.0000000000000000        65.000000000000000        64.000000000000000       0.86275482835853423       0.61283576411181240     
         581           0        -999        -999        -999 -0.76460344092445742      -0.59017418239690445     
         582           1   0.0000000000000000        64.000000000000000        61.000000000000000       0.41992433541200219       0.26805555191116670     
         583           1   0.0000000000000000        70.000000000000000        63.000000000000000       -1.4129709017509466      -0.92788635173848122     
         584           0        -999        -999        -999  0.88633865051021909       0.60711565749754348     
         585           1   0.0000000000000000        62.000000000000000        60.000000000000000       0.70263907328721453       0.46458750336163873     
         586           1   0.0000000000000000        70.000000000000000        62.000000000000000       -1.5256643459537857       -1.1014768710176057     
         587           1   0.0000000000000000        69.000000000000000        67.000000000000000       -1.1777288599301212      -0.83690969254991732     
         588           1   0.0000000000000000        68.000000000000000        64.000000000000000       -1.4273569168593432       -1.1062877441468526     
         589           1   0.0000000000000000        66.000000000000000        62.000000000000000      -0.37325562458625150      -0.29244810872780069     
         590           1   0.0000000000000000        69.000000000000000        67.000000000000000       -1.9206361327084851       -1.4071659051452230     
         591           0        -999        -999        -999   2.5367462734716746        1.9290521389830761     
         592           1   0.0000000000000000        68.000000000000000        64.000000000000000       -1.3983760738885034       -1.0279720889325885     
         593           1   0.0000000000000000        72.000000000000000        68.000000000000000       -2.7263823729545837       -1.9452242237874802     
         594           0        -999        -999        -999 -0.33289187779505164      -0.14753431324230656     
         595           1   0.0000000000000000        62.000000000000000        62.000000000000000        1.1132125946463420       0.85011647316529282     
         596           1   0.0000000000000000        71.000000000000000        68.000000000000000       -3.2120254742371825       -2.2999850519314338     
         597           1   0.0000000000000000        61.000000000000000        62.000000000000000        1.9282933041430417        1.4022220871386892     
         598           0        -999        -999        -999  0.37170639482652840       0.32525943491619663     
         599           0        -999        -999        -999 -0.62952319953389480      -0.46780606154885723     
         600           1   0.0000000000000000        72.000000000000000        70.000000000000000       -3.9330882119495647       -2.8327626433509243     
         601           0        -999        -999        -999 -0.29983583395664215      -0.24442863682216881     
         602           1   0.0000000000000000        68.000000000000000        64.000000000000000       -1.0530666314093962      -0.76379365575440483     
         603           1   0.0000000000000000        60.000000000000000        57.000000000000000        2.8198394665578213        1.9915016139792456     
         604           1   0.0000000000000000        67.000000000000000        64.000000000000000      -0.42193186396501292      -0.26114610431130703     
