           1           1   0.0000000000000000        75.000000000000000        63.000000000000000       -1.3289798707362785E-002 -0.21306155407992658     
           2           1   0.0000000000000000        76.000000000000000        64.000000000000000       -7.5888244151816261E-003  -4.9242346646594382E-002
           3           1   0.0000000000000000        70.000000000000000        64.000000000000000       -4.1563813731554017E-002 -0.26447417889555325     
           4           0        -999        -999        -999   1.1004140571689757E-002   7.2155469203513581E-002
           5           1   0.0000000000000000        70.000000000000000        62.000000000000000        2.9824372784515683E-003   2.9868299541728621E-002
           6           1   0.0000000000000000        76.000000000000000        61.000000000000000       -6.4369596166767296E-003   1.9361315982557262E-002
           7           0        -999        -999        -999  -3.0110812605568762E-002 -0.13537437819737858     
           8           1   0.0000000000000000        73.000000000000000        62.000000000000000        7.7809530990281622E-002  0.31008655267209584     
           9           1   0.0000000000000000        74.000000000000000        63.000000000000000        2.3520465997212034E-004   3.0638287527621037E-002
          10           0        -999        -999        -999   1.6476203010133937E-002   8.4870795244932268E-002
          11           1   0.0000000000000000        76.000000000000000        62.000000000000000       -1.4371630103364095E-002  -9.1004173087705850E-002
          12           1   0.0000000000000000        80.000000000000000        62.000000000000000       -1.1158484790914462E-002  -6.4104207701178861E-002
          13           1   0.0000000000000000        72.000000000000000        62.000000000000000       -3.3277365787494887E-004  -6.0784362599894969E-002
          14           1   0.0000000000000000        80.000000000000000        64.000000000000000       -4.6884462642704672E-003  -4.6287168561519564E-002
          15           1   0.0000000000000000        77.000000000000000        62.000000000000000        2.4790904584270995E-002  0.20269901387100403     
          16           1   0.0000000000000000        72.000000000000000        61.000000000000000       -1.1312571401718706E-002  -8.0812583742278059E-003
          17           1   0.0000000000000000        77.000000000000000        62.000000000000000       -2.8175939120937011E-002 -0.19019527421816534     
          18           1   0.0000000000000000        70.000000000000000        63.000000000000000        9.1627722152412133E-003   2.8482440519196160E-002
          19           0        -999        -999        -999  -7.8808345742675569E-003  -1.5190198725299288E-002
          20           1   0.0000000000000000        60.000000000000000        63.000000000000000       -3.2311960391423929E-002 -0.18334287308722311     
          21           1   0.0000000000000000        74.000000000000000        60.000000000000000        1.8588548175344544E-002  0.12126269945479080     
          22           1   0.0000000000000000        75.000000000000000        60.000000000000000        3.8269500333881681E-003   4.9743395954576705E-002
          23           1   0.0000000000000000        59.000000000000000        63.000000000000000        1.8741791711187342E-002  0.12707431681259895     
          24           1   0.0000000000000000        73.000000000000000        63.000000000000000        1.6339836053010693E-002   8.5682631417345709E-002
          25           0        -999        -999        -999  -4.2222357198935322E-002 -0.21163333996985587     
          26           1   0.0000000000000000        73.000000000000000        64.000000000000000       -2.6636451823662338E-002 -0.13184434606334944     
          27           1   0.0000000000000000        74.000000000000000        62.000000000000000        4.2251375836036406E-003   7.6851733741398934E-002
          28           1   0.0000000000000000        74.000000000000000        62.000000000000000        8.5669923122270834E-003  -3.4354303697661598E-002
          29           1   0.0000000000000000        79.000000000000000        62.000000000000000        4.4513168815405332E-002  0.23889935211138547     
          30           1   0.0000000000000000        73.000000000000000        63.000000000000000        3.9699614001640168E-002  0.14695175238223288     
          31           1   0.0000000000000000        77.000000000000000        63.000000000000000        3.0570832062355207E-002  0.19242752040422562     
          32           1   0.0000000000000000        69.000000000000000        64.000000000000000       -2.8215536778996301E-002 -0.12875419920846073     
          33           1   0.0000000000000000        72.000000000000000        62.000000000000000       -1.5666109724347586E-002  -8.1215052825006198E-002
          34           1   0.0000000000000000        75.000000000000000        62.000000000000000        7.7109388633697876E-003   6.6116926751044872E-002
          35           0        -999        -999        -999  -1.3814042740171334E-002  -3.5501627588543694E-002
          36           0        -999        -999        -999   4.9216883234963248E-003  -1.4518322454591635E-002
          37           1   0.0000000000000000        74.000000000000000        62.000000000000000        1.1587547637240736E-002   6.4238099906554713E-002
          38           1   0.0000000000000000        72.000000000000000        62.000000000000000        3.1807581334502615E-002  0.17165273533870157     
          39           0        -999        -999        -999   8.8308577545360041E-003   4.7399062248459712E-003
          40           1   0.0000000000000000        77.000000000000000        64.000000000000000        1.4176157551889366E-002   7.0698620707732140E-002
          41           1   0.0000000000000000        78.000000000000000        64.000000000000000       -5.8822441979280091E-002 -0.28980400606120094     
          42           0        -999        -999        -999  -1.9464415879449427E-003   2.8992896812168992E-002
          43           1   0.0000000000000000        77.000000000000000        62.000000000000000       -4.4109578138555143E-003   2.0006388254569466E-002
          44           1   0.0000000000000000        75.000000000000000        63.000000000000000        1.7747355260450983E-002  0.16114714134021824     
          45           1   0.0000000000000000        73.000000000000000        63.000000000000000       -1.2178618449069607E-002  -5.6132194052943334E-002
          46           1   0.0000000000000000        74.000000000000000        64.000000000000000       -1.4859335555024347E-002 -0.15863953438365955     
          47           0        -999        -999        -999  -7.7689615345293136E-003   2.6303833479026182E-003
          48           1   0.0000000000000000        76.000000000000000        62.000000000000000       -1.7598150265983031E-002  -9.1220298318362869E-002
          49           0        -999        -999        -999   4.1043843355342086E-002  0.19800969801563306     
          50           0        -999        -999        -999  -5.6599814436336417E-003 -0.11354114296243838     
          51           1   0.0000000000000000        58.000000000000000        64.000000000000000       -2.8490256574313890E-002 -0.27530813951251554     
          52           1   0.0000000000000000        72.000000000000000        63.000000000000000       -2.8742313495513341E-002 -0.24767301596045102     
          53           1   0.0000000000000000        76.000000000000000        62.000000000000000        4.7119168583348081E-002  0.23955437677479174     
          54           1   0.0000000000000000        72.000000000000000        62.000000000000000        4.9412762111047899E-002  0.28802756492381076     
          55           1   0.0000000000000000        73.000000000000000        63.000000000000000        1.0039264351214446E-002   5.4246608369048738E-002
          56           1   0.0000000000000000        73.000000000000000        62.000000000000000       -8.1426267165131943E-003   3.0308259852164836E-002
          57           0        -999        -999        -999  -5.9236735831646060E-003  -9.0444168608239506E-002
          58           1   0.0000000000000000        76.000000000000000        62.000000000000000        2.2940679927043069E-002   9.1981130656195481E-002
          59           1   1.0000000000000000        61.000000000000000        62.000000000000000        1.0980024188111360E-003   4.3120681321126224E-002
          60           1   0.0000000000000000        72.000000000000000        62.000000000000000        5.7588756435173905E-003  0.14849118431879238     
          61           0        -999        -999        -999  -4.6922243956944082E-002 -0.32210482209317165     
          62           1   0.0000000000000000        76.000000000000000        64.000000000000000       -4.5885919996035401E-003  -6.5734874397671672E-002
          63           1   0.0000000000000000        75.000000000000000        64.000000000000000        3.2960084148113709E-002  0.23276542753362794     
          64           1   0.0000000000000000        76.000000000000000        62.000000000000000       -8.7049080637904737E-003  -5.3057518330185696E-002
          65           0        -999        -999        -999   6.6372510771940577E-002  0.33123838240517073     
          66           1   0.0000000000000000        76.000000000000000        64.000000000000000        9.0392200783053420E-003   4.5556438924846086E-003
          67           0        -999        -999        -999   1.5532196096360982E-002  0.11410821788147169     
          68           1   0.0000000000000000        73.000000000000000        62.000000000000000        1.0450029416321666E-002   5.2765249960762386E-002
          69           1   0.0000000000000000        78.000000000000000        63.000000000000000       -2.1126755716322686E-002  -8.7247287804783497E-002
          70           1   0.0000000000000000        74.000000000000000        63.000000000000000        1.5392513279808657E-002   8.9498341942112244E-002
          71           1   0.0000000000000000        61.000000000000000        63.000000000000000        2.3837061736113475E-002  0.12475793466426394     
          72           1   0.0000000000000000        75.000000000000000        63.000000000000000        2.4690854605159306E-002   7.5838276405582508E-002
          73           1   0.0000000000000000        58.000000000000000        65.000000000000000        1.7123871265397172E-003  -3.2855998725272097E-002
          74           0        -999        -999        -999  -2.2144663253137353E-002 -0.14859219320035230     
          75           1   0.0000000000000000        76.000000000000000        64.000000000000000       -1.0577045779786871E-002  -8.1462495185208816E-002
          76           1   0.0000000000000000        68.000000000000000        62.000000000000000       -2.3324063878906239E-002  -3.4796891603230490E-002
          77           0        -999        -999        -999  -5.1201483858071759E-002 -0.27808529562605816     
          78           1   0.0000000000000000        78.000000000000000        62.000000000000000       -2.9337770541757454E-002 -0.16124912307655742     
          79           1   0.0000000000000000        74.000000000000000        62.000000000000000        2.4350151861099054E-002  0.19633552009968297     
          80           1   0.0000000000000000        77.000000000000000        64.000000000000000        1.3906977851673353E-002   7.5288692764166762E-002
          81           1   0.0000000000000000        71.000000000000000        63.000000000000000        1.9459066049157465E-003  -1.7824892617890047E-002
          82           1   0.0000000000000000        71.000000000000000        63.000000000000000       -3.5558067677266145E-002 -0.21291604779853932     
          83           0        -999        -999        -999   8.6681981570036978E-004  -1.0245283804266791E-002
          84           1   0.0000000000000000        71.000000000000000        62.000000000000000        3.3967905392734586E-003   5.2750416937784567E-002
          85           1   0.0000000000000000        78.000000000000000        62.000000000000000        2.8490161936951135E-002  0.11746964528179911     
          86           1   0.0000000000000000        74.000000000000000        63.000000000000000        1.2104008560033051E-002   9.8534802168243230E-002
          87           0        -999        -999        -999   1.3076593736816886E-002  0.10813745193062087     
          88           0        -999        -999        -999   1.9699403933877615E-002  0.10445706764808449     
          89           0        -999        -999        -999   1.5190722200409639E-002   8.7302447986451495E-002
          90           1   0.0000000000000000        58.000000000000000        63.000000000000000        5.0536939222512289E-002  0.28822485012984134     
          91           1   0.0000000000000000        59.000000000000000        62.000000000000000        1.2431058175199078E-002   4.1958544333231255E-002
          92           1   0.0000000000000000        55.000000000000000        75.000000000000000       -1.2753332118983485E-002 -0.11538097522654095     
          93           1   0.0000000000000000        72.000000000000000        62.000000000000000        5.7881015450258866E-002  0.53434580069165694     
          94           1   0.0000000000000000        58.000000000000000        64.000000000000000       -8.4455680115558367E-003   2.4319186359508926E-002
          95           0        -999        -999        -999  -2.5536803868993124E-002 -0.18603941965381818     
          96           0        -999        -999        -999  -5.5419229534100875E-002 -0.28176146844258432     
          97           1   0.0000000000000000        78.000000000000000        65.000000000000000       -1.0906781427561730E-002  -5.2439103494448115E-002
          98           1   0.0000000000000000        74.000000000000000        64.000000000000000       -3.0826901000046179E-002 -0.28109422372707188     
          99           1   0.0000000000000000        78.000000000000000        63.000000000000000       -4.5843994261206916E-002 -0.30058413186726801     
         100           1   0.0000000000000000        79.000000000000000        62.000000000000000       -4.1136249843318849E-003   3.3182919517717943E-002
         101           0        -999        -999        -999  -1.5558210169168179E-002 -0.17937446774100452     
         102           1   0.0000000000000000        72.000000000000000        64.000000000000000        2.6542606024054890E-002  0.13911936243699546     
         103           1   0.0000000000000000        77.000000000000000        62.000000000000000       -2.6482248591303010E-002 -0.18674606838577609     
         104           1   0.0000000000000000        74.000000000000000        64.000000000000000       -1.3647668801597132E-002  -8.9405826779264383E-002
         105           0        -999        -999        -999   2.1523316179543031E-003  -6.8955677127750118E-003
         106           1   0.0000000000000000        75.000000000000000        62.000000000000000        2.0200092854477285E-003   2.0283419162976487E-002
         107           0        -999        -999        -999   2.1266324274231013E-002  0.12939260960371798     
         108           1   0.0000000000000000        60.000000000000000        64.000000000000000       -2.6872415833050067E-002 -0.12072214475023238     
         109           1   0.0000000000000000        75.000000000000000        61.000000000000000        2.8609938758750885E-004  -1.7291295992066025E-002
         110           0        -999        -999        -999  -3.8844446536185503E-002 -0.29642552731040994     
         111           0        -999        -999        -999  -5.9415971379325541E-002 -0.38187680315423828     
         112           0        -999        -999        -999   1.9276001452151689E-002  0.15582355548831150     
         113           1   0.0000000000000000        77.000000000000000        63.000000000000000        1.8880900597387638E-002  0.14120597409337185     
         114           1   0.0000000000000000        80.000000000000000        65.000000000000000        6.2854070202660586E-003   7.8780386141068803E-002
         115           0        -999        -999        -999  -3.7017316447825563E-002 -0.26358706893642442     
         116           1   0.0000000000000000        77.000000000000000        60.000000000000000        7.6595978896932902E-003  -5.6194338114875131E-004
         117           1   0.0000000000000000        71.000000000000000        64.000000000000000       -3.1377310909450860E-002 -0.22030709122231484     
         118           1   0.0000000000000000        76.000000000000000        63.000000000000000        3.7154759263994384E-002  0.26866289928476794     
         119           1   0.0000000000000000        80.000000000000000        62.000000000000000       -9.1436770694480699E-003  -8.1962993338929119E-002
         120           1   0.0000000000000000        74.000000000000000        63.000000000000000        1.5970910701316229E-002  0.11334740671697721     
         121           1   0.0000000000000000        76.000000000000000        61.000000000000000        4.0255422272149180E-005   6.8971763703283718E-003
         122           0        -999        -999        -999  -7.4060239459890495E-003  -3.8046171510429765E-002
         123           1   0.0000000000000000        75.000000000000000        63.000000000000000       -7.5741749293499754E-004  -6.7385521863582404E-002
         124           1   0.0000000000000000        62.000000000000000        64.000000000000000       -5.7646601351856307E-002 -0.30718644767109465     
         125           0        -999        -999        -999  -7.3599984484592615E-003  -5.9353175174394618E-002
         126           1   0.0000000000000000        72.000000000000000        63.000000000000000       -8.7331766901063708E-006  -1.1335286095871444E-002
         127           0        -999        -999        -999  -2.5668610129536043E-002  -9.0355842966508060E-002
         128           1   0.0000000000000000        74.000000000000000        59.000000000000000        3.6669852633870265E-002  0.26276567720680277     
         129           1   0.0000000000000000        78.000000000000000        65.000000000000000       -2.5100401650459615E-002 -0.28112716455213405     
         130           1   0.0000000000000000        73.000000000000000        61.000000000000000       -5.6836489651817855E-003 -0.10964388959337995     
         131           0        -999        -999        -999  -3.9938475481937144E-002 -0.17657641103390131     
         132           0        -999        -999        -999  -6.2098876802691152E-003 -0.17074344150280321     
         133           1   0.0000000000000000        58.000000000000000        64.000000000000000        1.9029708174145486E-002  0.10546967569495802     
         134           1   0.0000000000000000        70.000000000000000        62.000000000000000        5.4595229933405353E-003   4.7284190881605577E-002
         135           0        -999        -999        -999   1.7429998267306287E-002   5.2673285402254633E-002
         136           1   0.0000000000000000        80.000000000000000        71.000000000000000       -5.1611745864010190E-003  -1.2925011110345597E-002
         137           1   0.0000000000000000        76.000000000000000        62.000000000000000       -5.3513429895029067E-004  -5.0796146239305354E-002
         138           1   0.0000000000000000        75.000000000000000        64.000000000000000       -3.4042493281234452E-002 -0.11197023389803000     
         139           1   0.0000000000000000        75.000000000000000        62.000000000000000        5.5642878990445850E-002  0.32418174149063328     
         140           0        -999        -999        -999   2.1295600854050391E-002  0.17370914644530952     
         141           1   0.0000000000000000        72.000000000000000        62.000000000000000       -2.5485487222430353E-002 -0.13253072806755170     
         142           1   0.0000000000000000        70.000000000000000        64.000000000000000       -2.4258513051072312E-002 -0.10894237629623429     
         143           1   0.0000000000000000        75.000000000000000        62.000000000000000        4.2274048747871412E-002  0.19232283486634130     
         144           1   0.0000000000000000        62.000000000000000        62.000000000000000       -2.1472718567931200E-003  -4.7016190942005237E-002
         145           1   0.0000000000000000        78.000000000000000        63.000000000000000       -3.0598361526924130E-002 -0.14673625509864988     
         146           1   0.0000000000000000        76.000000000000000        63.000000000000000       -1.3865268851436265E-002  -5.8032521534196600E-002
         147           1   0.0000000000000000        72.000000000000000        63.000000000000000       -2.6444393835492259E-002 -0.21692182165202550     
         148           1   0.0000000000000000        74.000000000000000        63.000000000000000       -1.1520383336780049E-002  -5.5894664593748422E-002
         149           1   0.0000000000000000        71.000000000000000        63.000000000000000       -3.8139042045892919E-002 -0.23851727037684509     
         150           1   0.0000000000000000        72.000000000000000        63.000000000000000        2.2385561835672686E-002   8.8756142110853350E-002
         151           1   0.0000000000000000        77.000000000000000        62.000000000000000        6.5115173935196809E-003  -3.4271846555782993E-003
         152           1   0.0000000000000000        60.000000000000000        63.000000000000000        2.7347290233411183E-002  0.22160358274751199     
         153           1   0.0000000000000000        73.000000000000000        62.000000000000000       -1.6292779847188216E-002  -9.6864571611717118E-002
         154           0        -999        -999        -999  -3.2466806823693094E-002 -0.19666768129259357     
         155           1   0.0000000000000000        77.000000000000000        62.000000000000000       -8.9911850081034941E-003  -1.4596830985030760E-002
         156           1   0.0000000000000000        80.000000000000000        63.000000000000000        1.0120486212497034E-002   9.3165839933552180E-002
         157           0        -999        -999        -999  -2.4987711908787964E-002 -0.20889241278398335     
         158           0        -999        -999        -999  -3.6322723699709410E-002 -0.18175771396237830     
         159           0        -999        -999        -999   4.1766716010232380E-002  0.26354904548564173     
         160           0        -999        -999        -999  -4.5843362735986541E-002 -0.35740133204462493     
         161           1   0.0000000000000000        75.000000000000000        62.000000000000000        7.7834768644070677E-003   9.9015272570461152E-002
         162           1   0.0000000000000000        74.000000000000000        62.000000000000000        2.7415130780640225E-002  0.15609327298635892     
         163           1   0.0000000000000000        80.000000000000000        63.000000000000000        2.5025667690658737E-002  0.11353609371378186     
         164           1   0.0000000000000000        79.000000000000000        62.000000000000000       -9.7980382782702578E-003 -0.11686256995926819     
         165           0        -999        -999        -999   8.0583293011259934E-003   6.0035386356414915E-002
         166           1   0.0000000000000000        79.000000000000000        64.000000000000000       -5.4829436963006340E-003   2.3162630107557189E-002
         167           1   0.0000000000000000        75.000000000000000        63.000000000000000       -2.0825498632808158E-002 -0.12768875058807150     
         168           0        -999        -999        -999  -4.8358071931462056E-002 -0.26918143242946008     
         169           1   0.0000000000000000        74.000000000000000        63.000000000000000       -4.8005704953855297E-002 -0.27690197384871235     
         170           1   0.0000000000000000        77.000000000000000        62.000000000000000        1.0158970011609954E-002   3.4670621639887218E-002
         171           1   0.0000000000000000        72.000000000000000        62.000000000000000        9.6919981868812781E-003   5.3133961436577760E-002
         172           1   0.0000000000000000        75.000000000000000        65.000000000000000       -9.9067186138870708E-002 -0.62338804346963395     
         173           1   0.0000000000000000        72.000000000000000        63.000000000000000       -1.5008711128840547E-002  -8.7075804621752614E-002
         174           1   0.0000000000000000        77.000000000000000        62.000000000000000        1.4644156038864781E-002   8.7610196123596260E-002
         175           1   0.0000000000000000        72.000000000000000        62.000000000000000        1.5851867909931936E-003   1.3282208158964266E-002
         176           0        -999        -999        -999  -1.6670629123415416E-002 -0.11210030008499158     
         177           1   0.0000000000000000        58.000000000000000        63.000000000000000        1.9493598748583266E-002  0.10024941072162311     
         178           1   0.0000000000000000        73.000000000000000        62.000000000000000       -2.0720073131853024E-002 -0.14186139494092698     
         179           1   0.0000000000000000        61.000000000000000        63.000000000000000        5.3714162881760156E-003   4.1921213097700215E-002
         180           1   0.0000000000000000        73.000000000000000        62.000000000000000       -1.4435749953619398E-002  -8.8635881052721799E-002
         181           1   0.0000000000000000        72.000000000000000        64.000000000000000       -2.8266730383719799E-002 -0.17136808820227237     
         182           1   0.0000000000000000        70.000000000000000        62.000000000000000        9.1696722600140054E-003   4.6313002210947515E-002
         183           0        -999        -999        -999  -9.0707999988120583E-003  -7.9502475674259179E-002
         184           0        -999        -999        -999  -2.2782206251952913E-002 -0.11918855086950331     
         185           0        -999        -999        -999   7.8815488623986615E-003  0.19607154482971192     
         186           0        -999        -999        -999   3.7545624575796903E-002  0.30906595605802478     
         187           1   0.0000000000000000        74.000000000000000        63.000000000000000       -4.5477323091739123E-002 -0.18482098618051856     
         188           1   0.0000000000000000        71.000000000000000        62.000000000000000        1.4411044393423382E-003   5.7192850579840429E-002
         189           0        -999        -999        -999  -1.0411334974754283E-003   3.2381708582476035E-002
         190           1   0.0000000000000000        71.000000000000000        64.000000000000000        9.5871980774090955E-004   9.4900954262716386E-002
         191           1   0.0000000000000000        75.000000000000000        65.000000000000000       -9.0982590400150887E-002 -0.58233210684407521     
         192           1   0.0000000000000000        78.000000000000000        62.000000000000000       -3.0201817523806081E-002 -0.19820668300313113     
         193           1   0.0000000000000000        78.000000000000000        63.000000000000000        7.2161132204939128E-003   2.0514025224394539E-002
         194           1   0.0000000000000000        74.000000000000000        63.000000000000000        2.7555527151687742E-002  0.19255439203247410     
         195           1   0.0000000000000000        77.000000000000000        62.000000000000000        7.3454038045791788E-004   2.0267512089529774E-002
         196           1   0.0000000000000000        52.000000000000000        63.000000000000000        5.7523135248484666E-002  0.28950261073146982     
         197           1   0.0000000000000000        53.000000000000000        63.000000000000000        3.1957715533758743E-002  0.20474612092050662     
         198           1   0.0000000000000000        69.000000000000000        62.000000000000000       -3.8959274563903620E-002 -0.19715299597551827     
         199           0        -999        -999        -999  -1.7115589930470194E-002  -8.4873782638189746E-002
         200           1   0.0000000000000000        69.000000000000000        64.000000000000000       -6.1749467396576142E-002 -0.39835503342026096     
         201           1   0.0000000000000000        74.000000000000000        62.000000000000000        1.7322255158122767E-002   9.6091497128539191E-002
         202           1   0.0000000000000000        78.000000000000000        63.000000000000000        1.3849533644201738E-002   6.0678553686806309E-002
         203           1   0.0000000000000000        72.000000000000000        63.000000000000000        1.2260587099392664E-002   3.3017185635983860E-002
         204           1   0.0000000000000000        75.000000000000000        62.000000000000000        1.6321836064856706E-002   8.0870723171001260E-002
         205           0        -999        -999        -999   1.8323999965333609E-002   9.3570550008223369E-002
         206           1   0.0000000000000000        76.000000000000000        64.000000000000000       -1.8691867820944907E-002 -0.11281913534841637     
         207           1   0.0000000000000000        72.000000000000000        63.000000000000000       -2.3111051757741131E-002 -0.15892162423194964     
         208           1   0.0000000000000000        71.000000000000000        63.000000000000000        3.0281418438353187E-003   3.0904516208980444E-002
         209           1   0.0000000000000000        72.000000000000000        62.000000000000000        3.8518714773397595E-003  -1.9745860839523396E-002
         210           1   0.0000000000000000        72.000000000000000        62.000000000000000        5.5301481824253625E-003  -8.6558992943813881E-004
         211           1   0.0000000000000000        76.000000000000000        64.000000000000000       -2.5966453604682461E-002 -0.24873820893633247     
         212           1   0.0000000000000000        75.000000000000000        63.000000000000000       -2.3116225271969312E-002 -0.13844717743261081     
         213           1   0.0000000000000000        76.000000000000000        62.000000000000000        2.1248374137179445E-002   8.7016937528031538E-002
         214           1   0.0000000000000000        74.000000000000000        64.000000000000000       -8.7281841923109532E-002 -0.49458981027869409     
         215           1   0.0000000000000000        71.000000000000000        62.000000000000000       -6.3656257341497781E-003  -5.6035562333636581E-002
         216           1   0.0000000000000000        76.000000000000000        62.000000000000000        2.9210098677797652E-002  0.12434530837481826     
         217           1   0.0000000000000000        71.000000000000000        62.000000000000000        5.6830797775356797E-003   8.6844101016842035E-002
         218           1   0.0000000000000000        71.000000000000000        64.000000000000000       -6.8185923132847073E-003  -5.9624928565295755E-002
         219           1   0.0000000000000000        76.000000000000000        64.000000000000000        3.5156787981025256E-002  0.26670685362477270     
         220           1   0.0000000000000000        56.000000000000000        63.000000000000000       -6.2638337854097692E-003 -0.10245541725504032     
         221           1   0.0000000000000000        80.000000000000000        62.000000000000000        2.8512438982307565E-003  -1.0665202079179623E-002
         222           1   0.0000000000000000        69.000000000000000        62.000000000000000       -4.2666368449892373E-003  -2.4988457343438238E-002
         223           1   0.0000000000000000        76.000000000000000        63.000000000000000       -6.2011881190784180E-003  -1.9552731737621107E-002
         224           1   0.0000000000000000        75.000000000000000        63.000000000000000        2.3208337493075921E-003   6.7376185948185563E-002
         225           1   0.0000000000000000        70.000000000000000        62.000000000000000        7.1174964866699960E-003   2.7614659140849616E-002
         226           0        -999        -999        -999  -2.2997895269806796E-002 -0.11090782657694487     
         227           0        -999        -999        -999   3.6978821055200770E-002  0.30281778151017918     
         228           1   0.0000000000000000        80.000000000000000        63.000000000000000        3.6911122420959327E-002  0.20536201982084562     
         229           1   0.0000000000000000        75.000000000000000        61.000000000000000       -6.6790769213822317E-004   3.3051889066944312E-002
         230           0        -999        -999        -999  -8.6962590158053989E-004   1.9627805667146659E-002
         231           1   0.0000000000000000        73.000000000000000        62.000000000000000        2.6797780665993223E-002  0.14057036700098005     
         232           0        -999        -999        -999  -2.4919615311307045E-002  -7.8436491130988009E-002
         233           1   0.0000000000000000        72.000000000000000        61.000000000000000       -2.7323419623936848E-002 -0.20286016549390531     
         234           1   0.0000000000000000        74.000000000000000        64.000000000000000       -1.5496767585393230E-002 -0.17709303950877700     
         235           1   0.0000000000000000        56.000000000000000        65.000000000000000       -1.9861893523821863E-002 -0.15410033024005207     
         236           1   0.0000000000000000        70.000000000000000        61.000000000000000       -7.0581735657984056E-003  -3.1370326620253484E-002
         237           1   1.0000000000000000        60.000000000000000        63.000000000000000       -1.1481455876831550E-002  -7.2626709585073501E-002
         238           1   0.0000000000000000        69.000000000000000        63.000000000000000        2.0274519070974151E-002  0.17203848504583522     
         239           1   0.0000000000000000        53.000000000000000        63.000000000000000       -2.6788416875520738E-002 -0.19868703976156038     
         240           1   0.0000000000000000        74.000000000000000        62.000000000000000        2.7270457394616966E-002  0.15448933183869148     
         241           1   0.0000000000000000        74.000000000000000        62.000000000000000        5.0272099877425279E-002  0.25192435130298457     
         242           0        -999        -999        -999  -8.8398670594151045E-004   1.4734082017747700E-002
         243           0        -999        -999        -999   3.1570811099501661E-003   2.2726503415949242E-002
         244           1   0.0000000000000000        75.000000000000000        62.000000000000000        1.7618243297363660E-003  -3.8429022572562038E-003
         245           0        -999        -999        -999   4.7756681827676319E-002  0.30851462806468061     
         246           0        -999        -999        -999  -5.6203270529699437E-002 -0.29843818423822421     
         247           1   0.0000000000000000        73.000000000000000        62.000000000000000       -1.4391038143920011E-002 -0.12752440230256268     
         248           1   0.0000000000000000        71.000000000000000        62.000000000000000        1.8376852440127264E-002  0.11510165980895576     
         249           1   0.0000000000000000        78.000000000000000        62.000000000000000       -2.3129721437064113E-002 -0.11508503750251337     
         250           1   0.0000000000000000        76.000000000000000        63.000000000000000       -2.5384410428902559E-002 -0.13622406331116454     
         251           1   0.0000000000000000        73.000000000000000        63.000000000000000        3.3238701751209666E-002  0.15546681127002293     
         252           1   0.0000000000000000        69.000000000000000        64.000000000000000       -3.3125696449589112E-002 -0.21416067998596985     
         253           1   0.0000000000000000        74.000000000000000        64.000000000000000       -1.4357830129383638E-002  -9.9002947993998947E-002
         254           0        -999        -999        -999   8.4383667933391766E-003  0.14900902650571798     
         255           1   0.0000000000000000        76.000000000000000        63.000000000000000        4.7689298045409390E-002  0.28730359670913086     
         256           0        -999        -999        -999  -1.5087799307444054E-002  -7.2238550052266468E-002
         257           1   0.0000000000000000        75.000000000000000        62.000000000000000       -8.2727482470516915E-003   4.6372820853234777E-002
         258           1   0.0000000000000000        74.000000000000000        62.000000000000000        9.5297311418936978E-003   3.5870807706391304E-002
         259           1   0.0000000000000000        75.000000000000000        65.000000000000000       -1.3654365260845880E-002  -7.3168776326795790E-002
         260           1   0.0000000000000000        69.000000000000000        64.000000000000000       -6.9757227656563614E-002 -0.49337254258334567     
         261           1   0.0000000000000000        77.000000000000000        62.000000000000000       -9.5242082438065558E-003  -5.1371688543145513E-002
         262           1   0.0000000000000000        76.000000000000000        64.000000000000000       -6.0759948120538511E-002 -0.39922814214605579     
         263           1   0.0000000000000000        72.000000000000000        62.000000000000000        2.0764271139398965E-002  0.16063543098647032     
         264           1   0.0000000000000000        77.000000000000000        63.000000000000000       -4.3707085081403189E-002 -0.24144382547976095     
         265           1   0.0000000000000000        69.000000000000000        63.000000000000000        1.1319792313616985E-002  0.12536188761041123     
         266           1   0.0000000000000000        75.000000000000000        62.000000000000000        8.6846257545151254E-003   5.7177322454727501E-002
         267           1   0.0000000000000000        76.000000000000000        63.000000000000000        1.6642642924146304E-002   1.3354145790195636E-002
         268           1   0.0000000000000000        72.000000000000000        63.000000000000000       -9.0787053097229312E-004  -4.3938633941328673E-002
         269           1   0.0000000000000000        79.000000000000000        62.000000000000000        2.7947785431795168E-002  0.23534123265749460     
         270           1   0.0000000000000000        76.000000000000000        62.000000000000000       -2.8407765903117742E-002 -0.12532094226800133     
         271           1   0.0000000000000000        52.000000000000000        64.000000000000000       -4.3150987214064032E-002 -0.28165180083462582     
         272           0        -999        -999        -999  -3.7900536378028857E-004 -0.10310135233309790     
         273           1   0.0000000000000000        72.000000000000000        64.000000000000000       -6.8058501529506973E-002 -0.44346156870153153     
         274           1   0.0000000000000000        80.000000000000000        62.000000000000000        1.0555533352410461E-002   8.1582521226250218E-002
         275           1   1.0000000000000000        60.000000000000000        64.000000000000000        4.1481787019381896E-003   7.5775264822109754E-003
         276           1   0.0000000000000000        76.000000000000000        62.000000000000000       -1.0509546254265492E-002  -7.3719522281973662E-002
         277           0        -999        -999        -999  -2.1600906043794145E-002 -0.10529770785960908     
         278           1   0.0000000000000000        63.000000000000000        63.000000000000000       -2.5732349012334420E-002 -0.15565201947301838     
         279           1   0.0000000000000000        62.000000000000000        63.000000000000000       -4.0189034660482396E-002 -0.26995973437043391     
         280           1   0.0000000000000000        74.000000000000000        62.000000000000000        1.2059861275852558E-002   8.4058293554049937E-002
         281           1   0.0000000000000000        71.000000000000000        63.000000000000000       -1.7763634634279896E-002 -0.12630520754386174     
         282           1   0.0000000000000000        74.000000000000000        62.000000000000000        3.5821132982076467E-002  0.27079641029211687     
         283           1   0.0000000000000000        73.000000000000000        63.000000000000000       -3.7993686307177803E-002 -0.14778511682942033     
         284           1   0.0000000000000000        73.000000000000000        63.000000000000000        4.4084448060649158E-002  0.17923708078554534     
         285           1   0.0000000000000000        75.000000000000000        62.000000000000000        7.8310310579675687E-003   1.4652614593563158E-002
         286           1   0.0000000000000000        75.000000000000000        63.000000000000000       -2.0353266751678561E-002 -0.14334637144292095     
         287           1   0.0000000000000000        78.000000000000000        63.000000000000000       -1.9136580543457172E-002 -0.17392959451056578     
         288           1   0.0000000000000000        77.000000000000000        62.000000000000000       -5.9107375417002481E-003  -9.4400582752016071E-002
         289           1   0.0000000000000000        75.000000000000000        63.000000000000000        2.0487134382716363E-002   7.5016046982030085E-002
         290           0        -999        -999        -999  -8.8640624276720856E-002 -0.62643503413315704     
         291           0        -999        -999        -999  -7.7845108028174695E-002 -0.51141209867512893     
         292           1   0.0000000000000000        79.000000000000000        61.000000000000000       -2.3574934851287102E-002 -0.13961824391139785     
         293           1   0.0000000000000000        76.000000000000000        64.000000000000000       -5.7201022973378854E-002 -0.25414584962995179     
         294           1   0.0000000000000000        79.000000000000000        62.000000000000000       -2.6234163525433250E-002  -9.6978466796024787E-002
         295           1   0.0000000000000000        70.000000000000000        62.000000000000000        8.0721439833967248E-002  0.49808941276059820     
         296           0        -999        -999        -999  -1.6538292272078127E-002 -0.11957713508447901     
         297           1   0.0000000000000000        72.000000000000000        63.000000000000000       -2.8275626868150473E-002  -7.3798790746570544E-002
         298           1   0.0000000000000000        56.000000000000000        67.000000000000000       -1.2469085521129302E-002 -0.10967862866102183     
         299           1   0.0000000000000000        74.000000000000000        62.000000000000000        2.1741093229401601E-002   7.9572112262628988E-002
         300           1   0.0000000000000000        71.000000000000000        64.000000000000000        2.1768096662048687E-002  0.25926112807917207     
         301           1   0.0000000000000000        62.000000000000000        63.000000000000000        1.5318446266345133E-002   4.7260790357555885E-002
         302           1   0.0000000000000000        71.000000000000000        65.000000000000000       -1.9272436804813435E-002 -0.16855315819809330     
         303           1   0.0000000000000000        72.000000000000000        63.000000000000000       -2.3204333446548292E-002  -5.9995439855371820E-002
         304           1   0.0000000000000000        55.000000000000000        65.000000000000000       -4.9247970250479431E-002 -0.28238601654705492     
         305           1   0.0000000000000000        72.000000000000000        63.000000000000000       -3.5545425118112983E-002 -0.28551913227068382     
         306           1   0.0000000000000000        70.000000000000000        62.000000000000000        3.8052839234437724E-003   2.0716811144675294E-002
         307           0        -999        -999        -999   4.4749659332892745E-002  0.31969928462474478     
         308           1   0.0000000000000000        73.000000000000000        62.000000000000000       -9.5840706195053655E-003  -3.9188795315246730E-002
         309           1   0.0000000000000000        75.000000000000000        63.000000000000000       -6.9779047579709153E-003  -6.4130382317124437E-002
         310           1   0.0000000000000000        70.000000000000000        64.000000000000000       -1.4237044212877383E-002 -0.11174844732934332     
         311           1   0.0000000000000000        72.000000000000000        63.000000000000000       -1.3057276390095711E-002  -6.2722260006474767E-002
         312           1   0.0000000000000000        73.000000000000000        63.000000000000000       -1.6504028089132275E-002  -6.6712627628675539E-002
         313           1   0.0000000000000000        78.000000000000000        64.000000000000000       -3.2583556105034960E-002 -0.20931113089939912     
         314           0        -999        -999        -999  -3.4232086314470054E-003  -6.7144968408994657E-002
         315           1   0.0000000000000000        52.000000000000000        66.000000000000000       -4.6396344521005425E-002 -0.25617561845993991     
         316           1   0.0000000000000000        80.000000000000000        63.000000000000000        1.5191468172797899E-002  -2.0706996430716239E-002
         317           0        -999        -999        -999  -2.4746949648694869E-002  -6.3969860452298771E-002
         318           1   0.0000000000000000        72.000000000000000        64.000000000000000       -2.6008678047711930E-003  -1.8617089165282766E-002
         319           1   0.0000000000000000        75.000000000000000        64.000000000000000       -5.1693196824738948E-002 -0.39394452424353260     
         320           0        -999        -999        -999   7.8128518052964932E-002  0.33405419732882163     
         321           1   0.0000000000000000        72.000000000000000        63.000000000000000        1.4418466506685729E-002   3.0946792716481354E-002
         322           0        -999        -999        -999  -7.3494976347722417E-003  -3.0444466364555726E-002
         323           0        -999        -999        -999   2.5424612723417258E-003 -0.10128953163099588     
         324           1   0.0000000000000000        73.000000000000000        63.000000000000000        1.6938241978827363E-002   6.8177951750269708E-002
         325           1   0.0000000000000000        71.000000000000000        63.000000000000000       -4.0776599773765160E-002 -0.23550504536705463     
         326           0        -999        -999        -999   1.5652303185291122E-002   6.7476962320279874E-002
         327           1   0.0000000000000000        70.000000000000000        62.000000000000000        1.2481245004656819E-002   8.0585524686483764E-002
         328           1   0.0000000000000000        77.000000000000000        63.000000000000000        3.3031947304939489E-003   8.3959958283515018E-002
         329           1   0.0000000000000000        76.000000000000000        60.000000000000000        1.3646196062358425E-002  0.13132508490382006     
         330           1   0.0000000000000000        75.000000000000000        64.000000000000000       -8.2860658791448390E-003  -8.3579508170212105E-002
         331           0        -999        -999        -999  -9.5481509890302848E-003 -0.11577033507970830     
         332           1   0.0000000000000000        72.000000000000000        62.000000000000000       -1.0511597303308451E-002  -6.4213872769528196E-002
         333           1   0.0000000000000000        74.000000000000000        62.000000000000000        3.0513017469212027E-002  0.18090869777515306     
         334           1   0.0000000000000000        72.000000000000000        62.000000000000000        2.5223157901861540E-002  0.16983135326136936     
         335           1   0.0000000000000000        70.000000000000000        62.000000000000000       -4.5743645155149008E-003   1.8927478626499905E-002
         336           0        -999        -999        -999  -2.9316848341786890E-002 -0.19293094329812535     
         337           1   0.0000000000000000        80.000000000000000        63.000000000000000       -1.3386514904805530E-002  -5.7932449013112425E-002
         338           0        -999        -999        -999  -1.3015073095771205E-002 -0.11714417282444241     
         339           1   0.0000000000000000        60.000000000000000        63.000000000000000        2.4295755163605194E-002  0.11223953353615122     
         340           1   0.0000000000000000        77.000000000000000        62.000000000000000        1.4092433442985195E-003   1.6647756312135959E-002
         341           1   0.0000000000000000        70.000000000000000        62.000000000000000       -2.3308836358783207E-002 -0.23776758846736656     
         342           1   0.0000000000000000        78.000000000000000        64.000000000000000       -6.7114965973872724E-003  -2.7489717053549172E-002
         343           1   0.0000000000000000        59.000000000000000        63.000000000000000        1.7381824363479893E-002  0.13496365610096117     
         344           1   0.0000000000000000        73.000000000000000        64.000000000000000       -1.9474527178402048E-002  -4.9776360310951430E-002
         345           0        -999        -999        -999   1.0942629732115405E-002   4.1978941669804426E-002
         346           1   0.0000000000000000        75.000000000000000        63.000000000000000       -4.4299180642170990E-002 -0.22029819285276062     
         347           1   0.0000000000000000        74.000000000000000        64.000000000000000       -2.1313515535420012E-002 -0.15080623534523688     
         348           0        -999        -999        -999   2.8386283139258724E-003  -5.8801084718499161E-003
         349           1   0.0000000000000000        74.000000000000000        62.000000000000000       -1.9878266524395716E-002 -0.12320816258646392     
         350           1   0.0000000000000000        79.000000000000000        62.000000000000000       -1.5430991994791561E-002 -0.10650058020635612     
         351           1   0.0000000000000000        72.000000000000000        62.000000000000000        4.3654755282778158E-002  0.25859683979038822     
         352           0        -999        -999        -999  -9.6847961521234188E-003  -8.2514313862948503E-003
         353           1   0.0000000000000000        80.000000000000000        62.000000000000000        2.3751157858006647E-002  0.10775661535583188     
         354           1   1.0000000000000000        61.000000000000000        65.000000000000000       -6.2554439576438378E-003  -6.7714469889924397E-002
         355           1   0.0000000000000000        72.000000000000000        62.000000000000000       -6.9553729447497234E-003  -6.4902498534995287E-002
         356           1   0.0000000000000000        77.000000000000000        62.000000000000000        7.7354052804925319E-003   2.6658880768095906E-002
         357           1   0.0000000000000000        75.000000000000000        62.000000000000000        1.8995453065805770E-002  0.13447864122635442     
         358           1   0.0000000000000000        80.000000000000000        63.000000000000000        1.9715407977180861E-002   5.4397435359100917E-002
         359           0        -999        -999        -999   2.3349225968203529E-002  0.14619455583300542     
         360           1   0.0000000000000000        74.000000000000000        62.000000000000000        2.5613881123995471E-003   6.9052707942058825E-002
         361           1   0.0000000000000000        72.000000000000000        62.000000000000000        2.3182711043226244E-002  0.13482501327538279     
         362           1   0.0000000000000000        76.000000000000000        62.000000000000000        1.8109932477676519E-002  0.14176836051378364     
         363           0        -999        -999        -999  -1.7853787203285777E-002 -0.12588135526282865     
         364           0        -999        -999        -999   3.9070115061278386E-003  -9.8158283474609337E-003
         365           1   0.0000000000000000        77.000000000000000        62.000000000000000       -5.7570170680700276E-003   2.7020971830156348E-002
         366           0        -999        -999        -999   1.7261892803022536E-003   9.2862283242661926E-003
         367           1   0.0000000000000000        74.000000000000000        64.000000000000000       -2.0046120604563747E-002   1.2381632292788264E-002
         368           1   0.0000000000000000        75.000000000000000        63.000000000000000       -1.5226950041290190E-002  -6.6584330959518073E-002
         369           0        -999        -999        -999  -6.4542094584947834E-004   6.9833091100483982E-002
         370           1   0.0000000000000000        75.000000000000000        62.000000000000000        6.6197477003736302E-003   8.0661843259474092E-002
         371           1   0.0000000000000000        70.000000000000000        64.000000000000000       -4.5332767807945727E-002 -0.27435774235870869     
         372           0        -999        -999        -999   1.8164447046676760E-002  0.16208172976435806     
         373           1   0.0000000000000000        58.000000000000000        61.000000000000000        1.3049187759409173E-002   6.2301675009747551E-002
         374           1   0.0000000000000000        73.000000000000000        62.000000000000000       -1.5449926286559961E-002  -4.3227134324923380E-002
         375           1   0.0000000000000000        71.000000000000000        64.000000000000000       -4.8443813441738752E-002 -0.25314824781504991     
         376           1   0.0000000000000000        77.000000000000000        63.000000000000000        4.1441410472099484E-004   6.5845886572525103E-002
         377           1   0.0000000000000000        71.000000000000000        63.000000000000000        3.6445833360198108E-003  -3.0461881976772024E-002
         378           1   0.0000000000000000        76.000000000000000        62.000000000000000        1.5010122718619285E-003  -2.1736309985620487E-002
         379           1   0.0000000000000000        71.000000000000000        63.000000000000000       -1.9273033865313725E-002 -0.14875884921149821     
         380           1   0.0000000000000000        74.000000000000000        63.000000000000000       -9.7154277355034450E-003   3.0010184868918398E-002
         381           1   0.0000000000000000        76.000000000000000        64.000000000000000        8.4940398516121819E-003  -5.1386223219760936E-004
         382           1   0.0000000000000000        76.000000000000000        63.000000000000000       -1.0036832278121416E-002  -5.0293765290489019E-002
         383           1   0.0000000000000000        75.000000000000000        62.000000000000000        8.3974645563341475E-003  0.11573403021915021     
         384           1   0.0000000000000000        73.000000000000000        62.000000000000000       -1.4945501122443918E-002  -6.1474494677227501E-002
         385           1   0.0000000000000000        74.000000000000000        64.000000000000000        1.2556976924779566E-002   1.2849250175261786E-003
         386           0        -999        -999        -999  -1.8661008610061793E-002 -0.17301023938726723     
         387           0        -999        -999        -999  -7.2581246566542749E-004   6.6354458431367835E-002
         388           1   0.0000000000000000        73.000000000000000        64.000000000000000        1.9667167897652278E-002   7.0446583374484673E-002
         389           0        -999        -999        -999  -8.8674628359070948E-003   2.8587415911108832E-002
         390           1   0.0000000000000000        77.000000000000000        62.000000000000000       -2.2056326382510951E-002 -0.10883324293224783     
         391           0        -999        -999        -999   8.0427374879413344E-003   5.9635256513448323E-002
         392           1   0.0000000000000000        76.000000000000000        61.000000000000000       -5.3264369399809851E-002 -0.10695723565013507     
         393           1   0.0000000000000000        78.000000000000000        63.000000000000000       -2.2855200867839893E-002  -9.6664818255730992E-002
         394           1   1.0000000000000000        61.000000000000000        62.000000000000000        3.0222385283236227E-002  0.14285776816490725     
         395           1   0.0000000000000000        58.000000000000000        64.000000000000000        9.2532309590240270E-004   4.5189014031301886E-003
         396           1   0.0000000000000000        76.000000000000000        63.000000000000000       -2.1969213263455748E-002 -0.21794842603215858     
         397           0        -999        -999        -999   9.5111646807066290E-003   2.9535050163205217E-002
         398           1   0.0000000000000000        72.000000000000000        62.000000000000000        8.6402884446438628E-003   2.2280709959000302E-002
         399           1   0.0000000000000000        74.000000000000000        62.000000000000000        1.7406626224321157E-002  0.11768471173837845     
         400           1   0.0000000000000000        80.000000000000000        65.000000000000000       -3.1133778222542069E-002 -0.11443474421323925     
         401           1   0.0000000000000000        78.000000000000000        62.000000000000000        9.7530077940345614E-003   1.3339515263484425E-002
         402           1   0.0000000000000000        75.000000000000000        62.000000000000000       -1.0201035540779302E-002  0.10570041800937265     
         403           1   0.0000000000000000        73.000000000000000        62.000000000000000       -3.6305453867192506E-003   9.5598554978322051E-002
         404           1   0.0000000000000000        72.000000000000000        63.000000000000000        3.9370830012382865E-003   5.2123196968909366E-002
         405           1   0.0000000000000000        78.000000000000000        62.000000000000000        2.4379443294075221E-003   9.2383051283873335E-002
         406           0        -999        -999        -999   1.5116792808889518E-002   1.9275683600695242E-002
         407           0        -999        -999        -999   5.2010949677012228E-003  -7.3532859908728996E-003
         408           1   0.0000000000000000        72.000000000000000        62.000000000000000       -1.2608821127127502E-002  -7.1028996243067716E-002
         409           1   0.0000000000000000        78.000000000000000        62.000000000000000       -3.7398144064160867E-003   5.4007893869277096E-002
         410           1   0.0000000000000000        75.000000000000000        64.000000000000000       -2.9416996290109503E-002 -0.21303656985728317     
         411           0        -999        -999        -999  -6.7758231249062748E-003  -4.2716065166666921E-002
         412           1   0.0000000000000000        58.000000000000000        62.000000000000000       -6.4922055049610938E-003  -2.6471066237796496E-002
         413           1   0.0000000000000000        75.000000000000000        64.000000000000000        4.0502182753460155E-003   4.7818483999140377E-002
         414           1   0.0000000000000000        55.000000000000000        72.000000000000000       -3.4661748276761384E-003   5.0887556736931835E-002
         415           1   0.0000000000000000        70.000000000000000        65.000000000000000       -1.1605296373863268E-002  -5.3976011311723325E-002
         416           1   0.0000000000000000        58.000000000000000        63.000000000000000        2.1950310162295620E-003  -3.0525224222216561E-002
         417           0        -999        -999        -999   8.9413577053891295E-003   8.8632610673721232E-002
         418           0        -999        -999        -999   6.3047360317749533E-003   7.5102688295634851E-002
         419           1   0.0000000000000000        74.000000000000000        63.000000000000000       -3.0161783934733254E-002 -0.12282839566593828     
         420           1   0.0000000000000000        74.000000000000000        62.000000000000000       -2.2513290612881636E-002 -0.13215850620787667     
         421           1   0.0000000000000000        80.000000000000000        62.000000000000000        1.2069439157323432E-002  0.13485732999740002     
         422           0        -999        -999        -999   1.5147305172600177E-003  -3.1514946980042799E-002
         423           1   0.0000000000000000        71.000000000000000        62.000000000000000        1.4328471164422643E-002  0.12980655274039479     
         424           1   0.0000000000000000        77.000000000000000        63.000000000000000       -2.8548084188671777E-002 -0.15966859410263401     
         425           1   0.0000000000000000        74.000000000000000        63.000000000000000       -2.6038944617768789E-002 -0.17474988152805204     
         426           1   0.0000000000000000        75.000000000000000        63.000000000000000       -1.6668996053096651E-002 -0.10845015060399218     
         427           1   0.0000000000000000        75.000000000000000        61.000000000000000       -4.1977027978533895E-003 -0.10308429503792609     
         428           1   0.0000000000000000        75.000000000000000        62.000000000000000        4.7698812408236615E-003  -2.8356325632815253E-002
         429           1   0.0000000000000000        80.000000000000000        63.000000000000000       -7.7103193922852479E-003   1.9731021206502445E-002
         430           0        -999        -999        -999   1.7108435703748121E-002   3.0575683954019883E-002
         431           0        -999        -999        -999   3.4921295613338926E-002  0.12312120424728977     
         432           1   0.0000000000000000        77.000000000000000        63.000000000000000       -1.0457545454110385E-003   3.6972778466327065E-002
         433           1   0.0000000000000000        80.000000000000000        64.000000000000000       -2.8525711818244835E-002 -0.12716446701342693     
         434           1   0.0000000000000000        78.000000000000000        62.000000000000000       -8.6183968876340773E-004   2.1644434315315497E-002
         435           0        -999        -999        -999   1.7818953435852866E-002   7.5683956925114829E-002
         436           1   0.0000000000000000        76.000000000000000        62.000000000000000        3.9410972128901024E-003   2.5204543950562111E-002
         437           1   0.0000000000000000        73.000000000000000        63.000000000000000        1.4194249226202663E-003  -5.2066420470323338E-003
         438           1   0.0000000000000000        71.000000000000000        62.000000000000000        1.7435856180301915E-002  0.12863287990935310     
         439           1   0.0000000000000000        72.000000000000000        65.000000000000000       -4.2263852165543223E-003 -0.11113789011504753     
         440           1   0.0000000000000000        77.000000000000000        60.000000000000000        3.5545803391588489E-003  -8.4299172781996390E-003
         441           1   0.0000000000000000        76.000000000000000        62.000000000000000        4.5919132330139896E-003   3.4298387062914985E-002
         442           1   0.0000000000000000        62.000000000000000        65.000000000000000       -2.6051405849740483E-002 -0.15616929662084325     
         443           0        -999        -999        -999  -1.4805622109813692E-002 -0.20000686082309344     
         444           0        -999        -999        -999   1.2024145660399594E-002   4.7639404862040477E-002
         445           0        -999        -999        -999   3.8255918416661046E-002  0.14923602432742070     
         446           1   0.0000000000000000        75.000000000000000        60.000000000000000        5.0126397701299539E-003  -7.3062968070644139E-003
         447           1   0.0000000000000000        74.000000000000000        62.000000000000000        1.3412176473732251E-002   5.1418685018939009E-002
         448           1   0.0000000000000000        76.000000000000000        62.000000000000000        5.8120983252366362E-003  -1.6042704210435510E-003
         449           1   0.0000000000000000        74.000000000000000        61.000000000000000       -8.9298829471034652E-003  -1.6108019765167157E-002
         450           0        -999        -999        -999  -2.0776732006801892E-002 -0.11892582018242288     
         451           0        -999        -999        -999   1.7501031362113957E-002   9.2783408951383622E-002
         452           1   0.0000000000000000        70.000000000000000        62.000000000000000        1.5436950349219944E-002   4.2457233545318801E-002
         453           1   0.0000000000000000        70.000000000000000        62.000000000000000       -1.0366768369485531E-002  -7.0127293262744542E-002
         454           1   0.0000000000000000        75.000000000000000        62.000000000000000       -1.8346545790086061E-002 -0.11117747545673817     
         455           1   0.0000000000000000        80.000000000000000        63.000000000000000       -1.4064166350529766E-002  -8.2877746965673557E-002
         456           1   0.0000000000000000        76.000000000000000        62.000000000000000       -1.8126576671713419E-002 -0.11962486627705735     
         457           1   0.0000000000000000        76.000000000000000        62.000000000000000        1.0805575841926349E-002  0.18780872431716239     
         458           0        -999        -999        -999  -3.2419264744149197E-004   2.4387277412509942E-002
         459           0        -999        -999        -999  -4.8124448596162115E-003   5.7894359195669279E-002
         460           1   0.0000000000000000        76.000000000000000        62.000000000000000        1.2490796641961335E-002   2.7671613952172979E-003
         461           1   0.0000000000000000        75.000000000000000        63.000000000000000       -1.0723600070987417E-002  -1.1003758790112048E-002
         462           1   0.0000000000000000        71.000000000000000        63.000000000000000       -7.9863351059068170E-004 -0.11906530774965730     
         463           1   0.0000000000000000        69.000000000000000        63.000000000000000       -3.0347673973194450E-003  -2.2400436960693625E-002
         464           1   0.0000000000000000        74.000000000000000        64.000000000000000        1.1446275530941893E-002   3.2697316269100898E-002
         465           1   0.0000000000000000        76.000000000000000        63.000000000000000        9.2427033779826154E-003   7.3156380716194735E-002
         466           1   0.0000000000000000        73.000000000000000        63.000000000000000        3.1863348058849994E-002  0.33787051166238358     
         467           0        -999        -999        -999   4.6935524434534861E-004  -3.5470838314104587E-002
         468           1   0.0000000000000000        77.000000000000000        62.000000000000000        5.2437808027065236E-003  -1.5535355026019630E-002
         469           0        -999        -999        -999  -3.1335806288474391E-002 -0.22050833634449063     
         470           0        -999        -999        -999  -1.3072312453247970E-003  -3.3219875863351331E-002
         471           0        -999        -999        -999  -1.1558852953085745E-002 -0.10011921776173394     
         472           1   0.0000000000000000        75.000000000000000        62.000000000000000       -9.1225882832119513E-003   9.5409863005408175E-003
         473           1   0.0000000000000000        80.000000000000000        64.000000000000000       -1.2103239778361268E-002  -8.4837374820211101E-002
         474           1   0.0000000000000000        74.000000000000000        64.000000000000000        6.8680777464536647E-003   4.4246489322598413E-002
         475           1   0.0000000000000000        74.000000000000000        62.000000000000000        8.4117093012116024E-003   4.7766819641326820E-002
         476           1   0.0000000000000000        80.000000000000000        63.000000000000000        8.0162446027407276E-003   7.0769995597325497E-002
         477           1   0.0000000000000000        78.000000000000000        63.000000000000000        1.1126182373312228E-002   8.0815513034380421E-002
         478           1   0.0000000000000000        75.000000000000000        63.000000000000000        4.5576632286027305E-003   2.9755576119645188E-002
         479           1   0.0000000000000000        60.000000000000000        63.000000000000000        3.1936724427930392E-002  0.17581653321808990     
         480           0        -999        -999        -999  -1.8085103035231857E-002  -9.8851198423217213E-002
         481           0        -999        -999        -999  -2.9296975133778158E-002  -4.8465496967498120E-002
         482           1   0.0000000000000000        71.000000000000000        63.000000000000000       -3.2820560264056060E-002 -0.19981154944385623     
         483           0        -999        -999        -999  -9.2935728289371741E-003  -4.0904676485517204E-002
         484           1   0.0000000000000000        73.000000000000000        62.000000000000000       -2.1121097642726423E-002 -0.10075533838659803     
         485           1   0.0000000000000000        77.000000000000000        62.000000000000000        1.1390268653047195E-002  -6.5842078675648792E-003
         486           0        -999        -999        -999   1.3950497844097543E-002  -7.5351098967901134E-003
         487           1   0.0000000000000000        58.000000000000000        64.000000000000000        6.5912072450966565E-003   1.7489103863420934E-002
         488           1   0.0000000000000000        75.000000000000000        64.000000000000000        1.4577648598329395E-002  0.16054435136477216     
         489           0        -999        -999        -999   7.2173416217124076E-003   3.2112995831437126E-002
         490           0        -999        -999        -999   8.3192258165530625E-003  -8.4676264849513107E-003
         491           1   0.0000000000000000        51.000000000000000        63.000000000000000        3.9843323490993988E-002  0.16667120465386354     
         492           0        -999        -999        -999   2.4015590627698437E-003   1.4286148868069953E-002
         493           1   0.0000000000000000        75.000000000000000        62.000000000000000       -2.5844913565532253E-003   3.7331344673440640E-003
         494           0        -999        -999        -999  -1.1473142467721608E-003  -9.4329493630364442E-002
         495           1   0.0000000000000000        70.000000000000000        65.000000000000000       -1.2222698815191019E-002  -3.5817093548126636E-002
         496           1   0.0000000000000000        73.000000000000000        61.000000000000000       -1.6366897195869645E-002  -7.1290784994507153E-002
         497           1   0.0000000000000000        78.000000000000000        63.000000000000000        3.6858538789781979E-002  0.12617791847831678     
         498           1   0.0000000000000000        78.000000000000000        62.000000000000000       -1.7634867252517714E-002 -0.11615387085154122     
         499           1   0.0000000000000000        72.000000000000000        63.000000000000000        3.3855018883496412E-003  -1.1195147555392264E-002
         500           1   0.0000000000000000        74.000000000000000        63.000000000000000       -8.8047308839744667E-003  -1.9587258936548259E-002
         501           1   0.0000000000000000        76.000000000000000        62.000000000000000        3.7842320158837497E-002  0.19526271502571152     
         502           1   0.0000000000000000        58.000000000000000        65.000000000000000       -4.8241960856485501E-003  -2.5150011635433751E-002
         503           1   0.0000000000000000        72.000000000000000        61.000000000000000        1.9105597179738490E-002  0.16091789451255883     
         504           0        -999        -999        -999   4.2068361727821638E-003  -7.0758137322779191E-002
         505           1   0.0000000000000000        69.000000000000000        64.000000000000000       -3.2026579517547150E-002 -0.14042851391373021     
         506           0        -999        -999        -999   5.9811386937607394E-003   1.4960878164528769E-002
         507           1   0.0000000000000000        74.000000000000000        64.000000000000000       -4.8990058953244715E-002 -0.31814435586632905     
         508           1   0.0000000000000000        76.000000000000000        62.000000000000000        7.8985141174238048E-004   5.3128618173592074E-002
         509           1   0.0000000000000000        74.000000000000000        64.000000000000000        3.2240237985588137E-002   5.5834715607204835E-002
         510           1   0.0000000000000000        75.000000000000000        62.000000000000000        3.2098109106277521E-002  0.14413252255309009     
         511           1   0.0000000000000000        76.000000000000000        63.000000000000000       -2.5399021762738383E-004  -7.7858287331948927E-003
         512           1   0.0000000000000000        72.000000000000000        64.000000000000000       -3.6135909588614623E-002 -0.19074266249786234     
         513           1   0.0000000000000000        75.000000000000000        63.000000000000000       -1.2363159437168708E-002 -0.10477279937147004     
         514           1   0.0000000000000000        76.000000000000000        64.000000000000000        4.7789073862040884E-003 -0.10310920117004949     
         515           1   0.0000000000000000        71.000000000000000        62.000000000000000       -1.0498816190066859E-003  -5.0479839983909473E-002
         516           1   0.0000000000000000        69.000000000000000        62.000000000000000        5.9012041378629101E-002  0.37815677463155012     
         517           1   0.0000000000000000        76.000000000000000        62.000000000000000        2.5448012256796784E-002  0.20748101766376142     
         518           1   0.0000000000000000        73.000000000000000        62.000000000000000        1.6867628385719279E-002   5.8331777666995016E-002
         519           1   0.0000000000000000        56.000000000000000        62.000000000000000       -1.4069493558618520E-002  -4.6303531477697835E-002
         520           1   0.0000000000000000        73.000000000000000        62.000000000000000       -1.1976774541952426E-002  -5.4006727154597547E-002
         521           1   0.0000000000000000        76.000000000000000        63.000000000000000        3.8065574421732300E-002  0.21079260325914376     
         522           1   0.0000000000000000        56.000000000000000        62.000000000000000        1.4044508615608638E-002   4.4979325648107797E-002
         523           1   0.0000000000000000        69.000000000000000        62.000000000000000       -3.0880872873829391E-002 -0.11071122208542249     
         524           1   0.0000000000000000        76.000000000000000        63.000000000000000        7.7605996960184993E-004   4.8572452988854195E-002
         525           1   0.0000000000000000        75.000000000000000        63.000000000000000       -2.3531626191607286E-003  -9.4025096593472843E-002
         526           1   1.0000000000000000        63.000000000000000        62.000000000000000        1.6305164011225604E-002   8.5545698456761771E-002
         527           0        -999        -999        -999  -2.7392530107013351E-002 -0.22179974123587179     
         528           0        -999        -999        -999  -1.3922809876287395E-003  -6.7206479138829295E-002
         529           1   0.0000000000000000        74.000000000000000        63.000000000000000       -2.1858070846428112E-002 -0.10014230722091889     
         530           1   0.0000000000000000        72.000000000000000        62.000000000000000        1.8614365089201057E-003   4.5426309590028240E-002
         531           0        -999        -999        -999   1.7560015453286185E-002   6.9291659431569050E-002
         532           1   0.0000000000000000        74.000000000000000        62.000000000000000       -9.3319901380632727E-003   5.4982782934829286E-003
         533           1   0.0000000000000000        70.000000000000000        60.000000000000000        2.9154464952577869E-002  0.13072119802455520     
         534           1   0.0000000000000000        72.000000000000000        62.000000000000000        1.0984739923732919E-002   2.0870959864740350E-002
         535           1   0.0000000000000000        73.000000000000000        62.000000000000000       -2.5090086016140902E-003   2.9271952395394946E-002
         536           1   0.0000000000000000        68.000000000000000        63.000000000000000        3.1139683009984097E-003   2.4416724177373599E-002
         537           1   0.0000000000000000        74.000000000000000        63.000000000000000       -3.7647749126716888E-002 -0.10843167962774145     
         538           0        -999        -999        -999   6.0657506186581334E-003   2.7432324605678970E-002
         539           1   0.0000000000000000        74.000000000000000        62.000000000000000        2.5639183324883421E-003   8.9323874275980125E-002
         540           0        -999        -999        -999  -2.1527679639963951E-002 -0.17526270313660411     
         541           0        -999        -999        -999  -2.9992831112732282E-003   1.1249938564441675E-002
         542           0        -999        -999        -999  -1.5055813825527471E-002 -0.10407538786696492     
         543           1   0.0000000000000000        76.000000000000000        63.000000000000000        2.6453326778037425E-002  0.13878072639883793     
         544           1   0.0000000000000000        73.000000000000000        62.000000000000000        7.5241690167720185E-003   2.6604269673264781E-002
         545           1   0.0000000000000000        71.000000000000000        62.000000000000000       -1.6655432137976180E-002 -0.11290134532629578     
         546           1   0.0000000000000000        78.000000000000000        62.000000000000000       -1.0842625728770454E-002 -0.11519930944910023     
         547           1   0.0000000000000000        76.000000000000000        63.000000000000000        1.1559731483080602E-002  -3.6337060761109805E-002
         548           1   0.0000000000000000        73.000000000000000        64.000000000000000       -5.6471709886453457E-004  -9.1485147221198396E-003
         549           0        -999        -999        -999   4.0067163935136610E-002  0.19187886442507082     
         550           1   0.0000000000000000        75.000000000000000        64.000000000000000       -3.3072746083215428E-002 -0.15694979762958938     
         551           0        -999        -999        -999   5.0235104067517834E-003   3.3522420143709472E-002
         552           1   0.0000000000000000        73.000000000000000        63.000000000000000       -2.5236328570920601E-002 -0.27553500636073402     
         553           1   0.0000000000000000        73.000000000000000        63.000000000000000       -9.2139068023889305E-003 -0.17087554269757696     
         554           1   0.0000000000000000        74.000000000000000        63.000000000000000       -3.3713133463120847E-002 -0.10447922580322742     
         555           1   0.0000000000000000        76.000000000000000        62.000000000000000       -3.5062960166230665E-003   3.5508113835767637E-002
         556           1   0.0000000000000000        77.000000000000000        63.000000000000000        2.3318763800869668E-003  -6.4702807648905972E-003
         557           1   0.0000000000000000        69.000000000000000        63.000000000000000        2.3387729621869625E-002  0.20596967019784607     
         558           1   0.0000000000000000        74.000000000000000        63.000000000000000       -1.7052981090758635E-002  -7.2421566310516605E-002
         559           1   0.0000000000000000        70.000000000000000        62.000000000000000        2.0481727475731501E-002   7.0302651306944200E-002
         560           1   0.0000000000000000        76.000000000000000        62.000000000000000        1.6441232439234506E-002  0.13476035311174167     
         561           1   0.0000000000000000        72.000000000000000        64.000000000000000        4.7254607282688261E-004   2.1191217636071319E-002
         562           1   0.0000000000000000        78.000000000000000        62.000000000000000        8.0315738592558916E-002  0.39010761278080092     
         563           1   0.0000000000000000        74.000000000000000        62.000000000000000        1.7955172699165748E-002  0.10756259606298066     
         564           1   0.0000000000000000        77.000000000000000        63.000000000000000       -5.7067971838585724E-002 -0.35606846941804415     
         565           1   0.0000000000000000        76.000000000000000        62.000000000000000       -6.8376520524788208E-004  -4.0130617168761651E-002
         566           1   0.0000000000000000        52.000000000000000        63.000000000000000        3.8717930453337946E-003  -8.4444589109408386E-002
         567           1   0.0000000000000000        75.000000000000000        60.000000000000000        6.0059144274780410E-003   6.2358507562774938E-002
         568           0        -999        -999        -999  -3.6262418112800450E-003  -3.0749814697295395E-002
         569           0        -999        -999        -999   4.8053165650743575E-003  0.11305055129310883     
         570           1   0.0000000000000000        71.000000000000000        62.000000000000000        2.0299559560307380E-003  -3.9417909754470196E-002
         571           1   0.0000000000000000        61.000000000000000        64.000000000000000       -4.0252975047277576E-003  -2.1514382830040844E-002
         572           1   0.0000000000000000        76.000000000000000        64.000000000000000       -5.7495864548280692E-002 -0.26110893996531481     
         573           1   0.0000000000000000        71.000000000000000        62.000000000000000        9.0551636645968166E-003   3.2851791721591867E-003
         574           1   0.0000000000000000        72.000000000000000        62.000000000000000        6.5468122224357920E-003   5.3601484960258537E-002
         575           1   0.0000000000000000        73.000000000000000        62.000000000000000        1.1067083851698517E-002   7.0559860350122905E-002
         576           1   0.0000000000000000        75.000000000000000        63.000000000000000       -4.9330379970872317E-003   5.0761861952689806E-003
         577           1   0.0000000000000000        71.000000000000000        64.000000000000000        2.2164814858184070E-002   6.2597227193994090E-002
         578           1   0.0000000000000000        71.000000000000000        64.000000000000000        2.3990278819092051E-002  0.14889869102776956     
         579           1   0.0000000000000000        78.000000000000000        62.000000000000000        9.3406965998892328E-003  0.10882181193566137     
         580           1   0.0000000000000000        75.000000000000000        64.000000000000000        8.0790325600556233E-003  -4.3484560992101389E-003
         581           0        -999        -999        -999  -3.7051878809878903E-002 -0.20654324526331991     
         582           1   0.0000000000000000        75.000000000000000        62.000000000000000        1.3874385046459501E-002  0.14224589642469890     
         583           1   0.0000000000000000        75.000000000000000        62.000000000000000        6.1889177854180088E-003   5.2414511101496510E-002
         584           0        -999        -999        -999   2.1688565554602537E-002   8.0366952665376606E-002
         585           1   0.0000000000000000        77.000000000000000        60.000000000000000       -7.3568278122941710E-003   3.1934540017746427E-002
         586           1   0.0000000000000000        79.000000000000000        62.000000000000000        3.8662084283187431E-002  0.26970834791416975     
         587           1   0.0000000000000000        75.000000000000000        65.000000000000000        4.3178981004016494E-003   1.0537197706226084E-002
         588           1   0.0000000000000000        74.000000000000000        63.000000000000000       -2.1091825971935148E-002 -0.21343232953300004     
         589           1   0.0000000000000000        78.000000000000000        62.000000000000000        3.7035912065574617E-003   6.2545270698192790E-003
         590           1   1.0000000000000000        62.000000000000000        63.000000000000000       -2.6709189919731157E-002 -0.23941691946309759     
         591           0        -999        -999        -999  -7.5441080876358342E-003  -1.1123676520894143E-002
         592           1   0.0000000000000000        71.000000000000000        62.000000000000000       -2.2990642602896617E-002 -0.13882688701541826     
         593           1   0.0000000000000000        70.000000000000000        64.000000000000000       -6.5277114280456218E-003  -7.6846544966381436E-002
         594           0        -999        -999        -999   2.1913977225836784E-002   4.5445779979612896E-002
         595           1   0.0000000000000000        68.000000000000000        62.000000000000000        1.1612711192579162E-002  -3.6202892134887268E-003
         596           1   0.0000000000000000        69.000000000000000        62.000000000000000        3.0179306005369031E-002  0.14686234117419578     
         597           1   0.0000000000000000        72.000000000000000        62.000000000000000        5.7044222889058856E-004   4.4068871574822692E-002
         598           0        -999        -999        -999   2.6784885942255979E-002  0.12558018039852731     
         599           0        -999        -999        -999  -4.7677020683598451E-003  -4.6931271987372056E-002
         600           1   0.0000000000000000        55.000000000000000        62.000000000000000        4.0444984604230301E-002  0.14862139537575211     
         601           0        -999        -999        -999  -5.6980535733363287E-003  -1.0690958968123188E-002
         602           1   0.0000000000000000        75.000000000000000        62.000000000000000        1.5809614542042015E-002   2.3377439088347073E-002
         603           1   0.0000000000000000        75.000000000000000        65.000000000000000       -2.3944385957205033E-002 -0.18848464808088836     
         604           1   0.0000000000000000        72.000000000000000        63.000000000000000        4.7497644622354505E-003   1.5844793079753106E-002
