           1           1   1.0000000000000000        71.000000000000000        66.000000000000000       -3.9421791076050168       -2.8228266255405710     
           2           1   0.0000000000000000        72.000000000000000        68.000000000000000       -4.7283814446457129       -3.4144469765711936     
           3           1   0.0000000000000000        71.000000000000000        68.000000000000000       -5.7961199238966490       -4.1863306933350772     
           4           0        -999        -999        -999   3.0035699453777265        2.1689174674511809     
           5           1   0.0000000000000000        62.000000000000000        62.000000000000000        2.3048939362097287        1.5926400610334446     
           6           1   0.0000000000000000        72.000000000000000        64.000000000000000       -3.4502548490175844       -2.5355650267456467     
           7           0        -999        -999        -999  -2.3404360088402179       -1.7068852419395331     
           8           1   0.0000000000000000        67.000000000000000        62.000000000000000        1.1278788943362572       0.84318034867881042     
           9           1   0.0000000000000000        68.000000000000000        64.000000000000000      -0.65632346203233227      -0.50632354796314594     
          10           0        -999        -999        -999   1.1414485844982496       0.84490548704933077     
          11           1   0.0000000000000000        63.000000000000000        62.000000000000000        2.2225830946390261        1.5432750226038132     
          12           1   1.0000000000000000        68.000000000000000        65.000000000000000       -1.3704233695535466       -1.0039759318941262     
          13           1   0.0000000000000000        71.000000000000000        66.000000000000000       -6.2053763867834411       -4.5412015603691058     
          14           1   1.0000000000000000        69.000000000000000        67.000000000000000       -1.1876866694496462      -0.90560703709329904     
          15           1   0.0000000000000000        62.000000000000000        59.000000000000000        6.8407329651310080        5.0210398430634982     
          16           1   0.0000000000000000        67.000000000000000        65.000000000000000       -1.3369148543944933      -0.98534212152705214     
          17           1   0.0000000000000000        64.000000000000000        62.000000000000000        1.4533896301891283        1.0449459170809088     
          18           1   0.0000000000000000        62.000000000000000        62.000000000000000        1.7907063437219701        1.2815181169591048     
          19           0        -999        -999        -999 -0.85657388928778233      -0.64119537101825286     
          20           1   0.0000000000000000        60.000000000000000        62.000000000000000        3.1259208003013503        2.3006360840049460     
          21           1   0.0000000000000000        61.000000000000000        57.000000000000000        6.9376379921499582        4.9870816311598167     
          22           1   0.0000000000000000        68.000000000000000        65.000000000000000      -0.55049941721365936      -0.37191680745002875     
          23           1   0.0000000000000000        59.000000000000000        62.000000000000000        3.6922294645901728        2.7174129864525174     
          24           1   0.0000000000000000        70.000000000000000        65.000000000000000       -4.1761483993231714       -3.0365896518947659     
          25           0        -999        -999        -999  -3.4966760699225095       -2.5260673645882727     
          26           1   0.0000000000000000        74.000000000000000        68.000000000000000       -5.9074748835552340       -4.2319006835084512     
          27           1   1.0000000000000000        59.000000000000000        60.000000000000000        6.8288575416871886        4.9671884918846736     
          28           1   0.0000000000000000        64.000000000000000        61.000000000000000        2.5836798096281202        1.8558088156003480     
          29           1   0.0000000000000000        62.000000000000000        63.000000000000000        1.0692861310521797       0.73286224323814053     
          30           1   0.0000000000000000        60.000000000000000        59.000000000000000        6.9394968843607083        5.0363581862399762     
          31           1   0.0000000000000000        67.000000000000000        63.000000000000000       0.30432119142087311       0.16639387554124380     
          32           1   0.0000000000000000        73.000000000000000        68.000000000000000       -5.7765089973801631       -4.2479343213486560     
          33           1   0.0000000000000000        70.000000000000000        65.000000000000000       -3.5588522801865579       -2.6031610781969738     
          34           1   0.0000000000000000        59.000000000000000        62.000000000000000        5.7891587735340320        4.2002642787424795     
          35           0        -999        -999        -999   7.3920728261344095        5.4143025197247114     
          36           0        -999        -999        -999  0.58064109927438812       0.42688053152863853     
          37           1   0.0000000000000000        71.000000000000000        65.000000000000000       -3.3505830894973547       -2.4281094419941081     
          38           1   0.0000000000000000        61.000000000000000        58.000000000000000        7.3358038395614233        5.2900266835044230     
          39           0        -999        -999        -999 -0.73826077315392158      -0.60077579726368990     
          40           1   0.0000000000000000        62.000000000000000        63.000000000000000        4.1302158529553550        3.0528547081208739     
          41           1   0.0000000000000000        73.000000000000000        66.000000000000000       -4.0612118175419987       -2.8884382563590498     
          42           0        -999        -999        -999   3.4248312375224703        2.5007666569725968     
          43           1   0.0000000000000000        69.000000000000000        66.000000000000000       -3.1256983805676795       -2.2760906428767704     
          44           1   0.0000000000000000        61.000000000000000        62.000000000000000        3.7635675541733331        2.6504145697346790     
          45           1   0.0000000000000000        71.000000000000000        67.000000000000000       -4.8792245125914278       -3.5090532373364676     
          46           1   0.0000000000000000        72.000000000000000        66.000000000000000       -3.7498623859832922       -2.7707835327627328     
          47           0        -999        -999        -999  -1.3782775273981178      -0.98398184038551495     
          48           1   1.0000000000000000        63.000000000000000        62.000000000000000        3.3827186138976924        2.3882687514660770     
          49           0        -999        -999        -999   9.2387925109136795        6.6625450723059716     
          50           0        -999        -999        -999  -6.0803325068406373       -4.4241909296726352     
          51           1   0.0000000000000000        63.000000000000000        63.000000000000000        6.9960176568120758E-002   9.6568722252911743E-002
          52           1   0.0000000000000000        70.000000000000000        66.000000000000000       -4.0254069607996765       -2.9444436060420163     
          53           1   0.0000000000000000        62.000000000000000        60.000000000000000        5.7194852434328949        4.1361075407263188     
          54           1   0.0000000000000000        66.000000000000000        63.000000000000000      -0.28003150174167413      -0.22122392102149324     
          55           1   0.0000000000000000        71.000000000000000        68.000000000000000       -4.0471882487652930       -2.9194886608646793     
          56           1   0.0000000000000000        70.000000000000000        65.000000000000000       -4.5999181858205205       -3.2933187651052860     
          57           0        -999        -999        -999  -4.2934161817124581       -3.1501484712108287     
          58           1   0.0000000000000000        62.000000000000000        61.000000000000000        4.6929346695472383        3.3621779187557945     
          59           1   1.0000000000000000        61.000000000000000        62.000000000000000        3.4928158462877077        2.5353574858918879     
          60           1   0.0000000000000000        58.000000000000000        58.000000000000000        6.8184034242118345        5.0349448061426330     
          61           0        -999        -999        -999  -5.1422601238786658       -3.7210239215316556     
          62           1   0.0000000000000000        72.000000000000000        68.000000000000000       -3.5352262660455813       -2.5219345393739747     
          63           1   0.0000000000000000        59.000000000000000        61.000000000000000        7.2222163700591260        5.1551714493294130     
          64           1   0.0000000000000000        62.000000000000000        62.000000000000000        2.7237796871672044        1.9501246992498673     
          65           0        -999        -999        -999   6.0424979271562664        4.4147440911039304     
          66           1   0.0000000000000000        64.000000000000000        65.000000000000000       -1.1208794986922463      -0.83637790784406318     
          67           0        -999        -999        -999  0.41185488992569946       0.26965536430859932     
          68           1   0.0000000000000000        67.000000000000000        62.000000000000000      -0.57054685410545847      -0.42865129773297417     
          69           1   1.0000000000000000        71.000000000000000        66.000000000000000       -3.5193287919378191       -2.5449165548027946     
          70           1   1.0000000000000000        60.000000000000000        60.000000000000000        8.0000453951758921        5.7569664702723164     
          71           1   1.0000000000000000        67.000000000000000        68.000000000000000       -3.2554242360684675       -2.2883262329184864     
          72           1   0.0000000000000000        69.000000000000000        65.000000000000000       -1.6976954020018724       -1.2245419375569726     
          73           1   0.0000000000000000        63.000000000000000        68.000000000000000       0.72219283253434730       0.47036893244403644     
          74           0        -999        -999        -999  -1.3545964880347301       -1.0463347507122887     
          75           1   0.0000000000000000        68.000000000000000        65.000000000000000       0.95344797617252941       0.67056038406445984     
          76           1   1.0000000000000000        69.000000000000000        67.000000000000000       -5.4530836940782441       -3.9106162451450688     
          77           0        -999        -999        -999  -6.8656821613698362       -4.9908333090498251     
          78           1   0.0000000000000000        70.000000000000000        65.000000000000000       -3.3674178440295166       -2.4546089834783031     
          79           1   0.0000000000000000        60.000000000000000        59.000000000000000        6.2104160262455510        4.4789057049234744     
          80           1   0.0000000000000000        69.000000000000000        65.000000000000000       0.13683180083330557       0.10416426347946002     
          81           1   1.0000000000000000        61.000000000000000        60.000000000000000        6.5981720492909695        4.8252304628226614     
          82           1   0.0000000000000000        71.000000000000000        67.000000000000000       -4.6842480477872650       -3.4401729354001582     
          83           0        -999        -999        -999  0.93585092243649781       0.69579691934388332     
          84           1   0.0000000000000000        63.000000000000000        64.000000000000000        1.1053135876416778       0.79295647708829553     
          85           1   0.0000000000000000        62.000000000000000        61.000000000000000        8.6898993728928637        6.4535119538260268     
          86           1   0.0000000000000000        62.000000000000000        62.000000000000000        1.6528099868377568        1.1550406271339007     
          87           0        -999        -999        -999  0.27637504096175286       0.19671451150734165     
          88           0        -999        -999        -999 -0.18132211773438855      -0.17944979268322803     
          89           0        -999        -999        -999   7.1419495971015892E-002   3.1343488373629038E-003
          90           1   0.0000000000000000        58.000000000000000        60.000000000000000        5.2554718157543903        3.8716407615024777     
          91           1   0.0000000000000000        59.000000000000000        62.000000000000000        7.7911452107858512        5.6139861978407737     
          92           1   0.0000000000000000        55.000000000000000        78.000000000000000        5.8181752360091927        4.2826878049719879     
          93           1   0.0000000000000000        62.000000000000000        64.000000000000000        2.0428934267181202        1.5253589103688256     
          94           1   0.0000000000000000        58.000000000000000        64.000000000000000        4.9223714884152630        3.5770284307120805     
          95           0        -999        -999        -999  -3.2995608445597266       -2.4057294018373310     
          96           0        -999        -999        -999   3.2015652638705330E-002   2.5995907948647669E-002
          97           1   1.0000000000000000        69.000000000000000        68.000000000000000       0.87470968480106814       0.64854611342404156     
          98           1   0.0000000000000000        65.000000000000000        63.000000000000000        1.2889397729054313       0.98020046470814703     
          99           1   0.0000000000000000        71.000000000000000        68.000000000000000       -4.6503943754868455       -3.3611547219644398     
         100           1   0.0000000000000000        75.000000000000000        70.000000000000000       -7.5490557555879692       -5.4661279734167900     
         101           0        -999        -999        -999  -2.2972580323340490       -1.5974308471690899     
         102           1   0.0000000000000000        62.000000000000000        69.000000000000000        2.4075093224071513        1.8456964613403131     
         103           1   0.0000000000000000        73.000000000000000        65.000000000000000       -4.6240675831752460       -3.3017203786032745     
         104           1   0.0000000000000000        68.000000000000000        64.000000000000000       0.79779106049151405       0.56276275057211644     
         105           0        -999        -999        -999 -0.50663902960945373      -0.36436922093282686     
         106           1   0.0000000000000000        69.000000000000000        62.000000000000000      -0.17696160414180717      -0.12729850593536784     
         107           0        -999        -999        -999   4.2980172980212430        3.1910003508443494     
         108           1   0.0000000000000000        60.000000000000000        63.000000000000000        4.2012592260582924        3.0495319468583260     
         109           1   0.0000000000000000        73.000000000000000        67.000000000000000       -5.6851665632407888       -4.0978148034212039     
         110           0        -999        -999        -999  0.12784090365258635       0.11809983101078571     
         111           0        -999        -999        -999  -5.0267191919055332       -3.6518095623118376     
         112           0        -999        -999        -999   5.2455139247164446        3.7837859125516178     
         113           1   0.0000000000000000        69.000000000000000        63.000000000000000        7.4335626008941710E-002   9.7331429398743728E-005
         114           1   0.0000000000000000        72.000000000000000        69.000000000000000       0.63002670125660032       0.49940794152661289     
         115           0        -999        -999        -999  -5.0801260250280800       -3.7185026653382325     
         116           1   0.0000000000000000        73.000000000000000        66.000000000000000       -4.5969463232623413       -3.3520634929300797     
         117           1   0.0000000000000000        59.000000000000000        63.000000000000000        5.5423988644347268        3.9951724069320793     
         118           1   0.0000000000000000        61.000000000000000        60.000000000000000        4.6921474086341322        3.4382180430652811     
         119           1   0.0000000000000000        68.000000000000000        62.000000000000000        3.0739815851504333        2.2289257121000619     
         120           1   1.0000000000000000        61.000000000000000        62.000000000000000        5.7687620147400285        4.0864494802911278     
         121           1   0.0000000000000000        72.000000000000000        64.000000000000000       -4.4377953661238525       -3.1411168446140629     
         122           0        -999        -999        -999   1.5780131067596026        1.2217861540117061     
         123           1   0.0000000000000000        71.000000000000000        66.000000000000000       -2.9303851722941090       -2.1053370248156100     
         124           1   0.0000000000000000        62.000000000000000        65.000000000000000        1.2758186164911083       0.89662132531000593     
         125           0        -999        -999        -999 -0.35839624133889558      -0.26709815539367310     
         126           1   0.0000000000000000        67.000000000000000        64.000000000000000      -0.17828517266028951      -0.12189302217113934     
         127           0        -999        -999        -999  -3.3106844829036204       -2.3842411527752052     
         128           1   0.0000000000000000        69.000000000000000        64.000000000000000       -1.6964451544734664       -1.1997375753055093     
         129           1   0.0000000000000000        70.000000000000000        64.000000000000000       -1.7663697536226370       -1.2505864534757822     
         130           1   0.0000000000000000        65.000000000000000        64.000000000000000        1.1005214142025777       0.82979461994873904     
         131           0        -999        -999        -999  -1.4533412463228417       -1.0255481886040707     
         132           0        -999        -999        -999   1.0570658744625459       0.77439827118333737     
         133           1   0.0000000000000000        67.000000000000000        68.000000000000000       -1.9283484861149309       -1.4076578636602115     
         134           1   0.0000000000000000        62.000000000000000        62.000000000000000        3.4114743307594644        2.4432112054538990     
         135           0        -999        -999        -999  -3.0129140764726521       -2.2015499640095539     
         136           1   0.0000000000000000        80.000000000000000        74.000000000000000       0.22639656147689982       0.16461223498322769     
         137           1   0.0000000000000000        71.000000000000000        65.000000000000000       -2.6229440892955269       -1.9927034494136806     
         138           1   0.0000000000000000        71.000000000000000        65.000000000000000       -2.6108864255078235       -1.8698620031939583     
         139           1   0.0000000000000000        60.000000000000000        60.000000000000000        7.2061486108403638        5.1916089834668178     
         140           0        -999        -999        -999   5.4109099499284596        3.9493825926119359     
         141           1   0.0000000000000000        68.000000000000000        64.000000000000000       -3.6528909330768289       -2.6566674238771824     
         142           1   0.0000000000000000        62.000000000000000        64.000000000000000        3.4399569947826358        2.5211391827402494     
         143           1   0.0000000000000000        63.000000000000000        62.000000000000000        3.1503149364493042        2.3092522817225607     
         144           1   0.0000000000000000        62.000000000000000        62.000000000000000        1.4304816735180643       0.99562519501850644     
         145           1   0.0000000000000000        63.000000000000000        63.000000000000000        1.9870570540820489        1.4418815244798528     
         146           1   0.0000000000000000        70.000000000000000        64.000000000000000       -1.2559624936435627      -0.88488483581100041     
         147           1   1.0000000000000000        74.000000000000000        69.000000000000000       -7.5068813345460184       -5.4492674127047556     
         148           1   0.0000000000000000        73.000000000000000        68.000000000000000       -5.8205538390537406       -4.1730403228417332     
         149           1   0.0000000000000000        63.000000000000000        63.000000000000000       -8.4218486725918015E-002  -2.0720098079974347E-003
         150           1   0.0000000000000000        70.000000000000000        66.000000000000000       -3.4912649645948717       -2.4518693311499855     
         151           1   0.0000000000000000        67.000000000000000        62.000000000000000      -0.10019608936174026       -6.9484906821522946E-002
         152           1   0.0000000000000000        57.000000000000000        61.000000000000000        6.5133653423435796        4.6607370419854144     
         153           1   0.0000000000000000        60.000000000000000        62.000000000000000        4.9779945018664087        3.7056425328138518     
         154           0        -999        -999        -999  -3.5508842836214245       -2.5229962670633377     
         155           1   0.0000000000000000        72.000000000000000        65.000000000000000       -4.2337882381316367       -3.1123869214569475     
         156           1   0.0000000000000000        70.000000000000000        67.000000000000000       -2.8652824713386011       -2.0396965833352443     
         157           0        -999        -999        -999  -3.1294207370533860       -2.3107435898982214     
         158           0        -999        -999        -999  -8.5595729638437561       -6.2386345099832976     
         159           0        -999        -999        -999 -0.62746367482047427      -0.45004981333246652     
         160           0        -999        -999        -999  -4.1280937807844733       -3.0062533615382834     
         161           1   0.0000000000000000        62.000000000000000        62.000000000000000        3.4514792553542515        2.5752534459892735     
         162           1   0.0000000000000000        69.000000000000000        64.000000000000000       -3.5322839446059131       -2.4941161318588598     
         163           1   0.0000000000000000        64.000000000000000        62.000000000000000        5.3329501388467433        3.8837771287795668     
         164           1   0.0000000000000000        74.000000000000000        67.000000000000000       -4.9332826458068695       -3.5698617714499106     
         165           0        -999        -999        -999  0.31299962383087221       0.17787149361713397     
         166           1   0.0000000000000000        63.000000000000000        62.000000000000000        9.6506329318891204        7.1051448455518118     
         167           1   0.0000000000000000        69.000000000000000        65.000000000000000       -2.8342614452030044       -2.1069082585468699     
         168           0        -999        -999        -999  -1.7938497522071761       -1.3013754491660194     
         169           1   0.0000000000000000        69.000000000000000        64.000000000000000       -2.8740938032426762       -2.0497513188214902     
         170           1   0.0000000000000000        68.000000000000000        64.000000000000000       -1.6254783824856340       -1.2574676745445961     
         171           1   0.0000000000000000        65.000000000000000        64.000000000000000      -0.86091132099041456      -0.57362750888596059     
         172           1   0.0000000000000000        70.000000000000000        67.000000000000000       -3.9723872711427242       -2.9465044297657044     
         173           1   0.0000000000000000        67.000000000000000        65.000000000000000       -1.8977133394319059       -1.4245533106785262     
         174           1   1.0000000000000000        64.000000000000000        59.000000000000000        5.1528007750796450        3.6541721743897688     
         175           1   0.0000000000000000        64.000000000000000        62.000000000000000       0.56810261800720885       0.41137204514272857     
         176           0        -999        -999        -999  -2.6024694886433495       -1.8725232523622792     
         177           1   0.0000000000000000        62.000000000000000        67.000000000000000       -1.6265204925417220E-003  -4.8088964288591886E-003
         178           1   0.0000000000000000        63.000000000000000        61.000000000000000        3.3450488754858259        2.3906677566878125     
         179           1   0.0000000000000000        63.000000000000000        64.000000000000000       0.49193354983212090       0.35547120088032069     
         180           1   0.0000000000000000        62.000000000000000        62.000000000000000        2.0392794608429647        1.5018787409884637     
         181           1   0.0000000000000000        67.000000000000000        68.000000000000000       -2.8363864962780485       -2.0677316154135283     
         182           1   0.0000000000000000        61.000000000000000        61.000000000000000        3.8691682633094540        2.8585922995147706     
         183           0        -999        -999        -999  -1.2848054193726275      -0.91281569957985254     
         184           0        -999        -999        -999 -0.91512323700097875      -0.69362790292302290     
         185           0        -999        -999        -999   2.0946700137208349        1.5043527505803893     
         186           0        -999        -999        -999   7.5476378780303142        5.4335511165769210     
         187           1   0.0000000000000000        72.000000000000000        68.000000000000000       -6.1804244251415614       -4.4765243135710895     
         188           1   0.0000000000000000        69.000000000000000        65.000000000000000       -3.3411850770973111       -2.4689369334167806     
         189           0        -999        -999        -999 -0.10650658018613718      -0.12695759876662532     
         190           1   0.0000000000000000        57.000000000000000        69.000000000000000        6.5328942958773295        4.9073079339138497     
         191           1   0.0000000000000000        75.000000000000000        68.000000000000000       -7.7842239305600991       -5.6348430070825932     
         192           1   0.0000000000000000        62.000000000000000        62.000000000000000        4.5933695834774282        3.2728723172007737     
         193           1   0.0000000000000000        63.000000000000000        61.000000000000000        3.7799560036411815        2.7653408922008835     
         194           1   0.0000000000000000        69.000000000000000        64.000000000000000      -0.58509737959150110      -0.41617359125625414     
         195           1   0.0000000000000000        72.000000000000000        66.000000000000000       -4.1314216738110687       -3.0184916530899462     
         196           1   0.0000000000000000        58.000000000000000        59.000000000000000        5.2786450162650382        3.8735660701835299     
         197           1   0.0000000000000000        56.000000000000000        61.000000000000000        6.4796994668179444        4.6972369597123791     
         198           1   0.0000000000000000        71.000000000000000        66.000000000000000       -7.1402910619943238       -5.1598733028580650     
         199           0        -999        -999        -999  -5.2671409716466613       -3.8236745061719541     
         200           1   0.0000000000000000        62.000000000000000        63.000000000000000        2.7458209282125239        1.9866775136974735     
         201           1   0.0000000000000000        60.000000000000000        60.000000000000000        6.1911678892072324        4.4829209405565447     
         202           1   0.0000000000000000        70.000000000000000        64.000000000000000       -1.8894716607428088       -1.3343104967690116     
         203           1   1.0000000000000000        70.000000000000000        67.000000000000000       -4.0139156913374308       -2.9648883561127781     
         204           1   0.0000000000000000        60.000000000000000        58.000000000000000        7.7362448724485606        5.6245956788632281     
         205           0        -999        -999        -999   2.0029335515517328        1.4542704597466320     
         206           1   0.0000000000000000        63.000000000000000        63.000000000000000        2.1934275911531502        1.5619876019992731     
         207           1   0.0000000000000000        64.000000000000000        63.000000000000000        1.1212338689281725       0.85114528230963016     
         208           1   0.0000000000000000        66.000000000000000        63.000000000000000       -2.0100466934122409E-002  -8.1865182799759489E-003
         209           1   0.0000000000000000        59.000000000000000        61.000000000000000        5.0188424581998063        3.6909361103619656     
         210           1   0.0000000000000000        64.000000000000000        64.000000000000000        2.4817083777799630E-002  -3.4904100595910849E-002
         211           1   0.0000000000000000        73.000000000000000        69.000000000000000       -5.9161980609953844       -4.3546938902982655     
         212           1   0.0000000000000000        71.000000000000000        65.000000000000000       -4.4913765119308069       -3.2582298435145747     
         213           1   0.0000000000000000        61.000000000000000        60.000000000000000        4.7890215589742011        3.3910488772288034     
         214           1   0.0000000000000000        70.000000000000000        66.000000000000000       -3.1008277394295560       -2.2600256419731295     
         215           1   0.0000000000000000        70.000000000000000        65.000000000000000       -4.8111653386239199       -3.5420457794051314     
         216           1   0.0000000000000000        70.000000000000000        65.000000000000000       -4.1354240187497044       -3.0236995309587047     
         217           1   0.0000000000000000        65.000000000000000        63.000000000000000       0.30149550320215790       0.23534786672856800     
         218           1   0.0000000000000000        58.000000000000000        61.000000000000000        5.2379610216770507        3.8681456305464170     
         219           1   0.0000000000000000        60.000000000000000        68.000000000000000        4.0572527319870195        2.9786289717604397     
         220           1   0.0000000000000000        68.000000000000000        67.000000000000000       -3.8664713612699444       -2.7514159352090193     
         221           1   0.0000000000000000        62.000000000000000        61.000000000000000        3.1081205670370751        2.2675186479388794     
         222           1   0.0000000000000000        65.000000000000000        63.000000000000000      -0.72148411118126898      -0.52652078415317016     
         223           1   0.0000000000000000        62.000000000000000        61.000000000000000        3.9482858228078004        2.9504498252650508     
         224           1   0.0000000000000000        69.000000000000000        66.000000000000000       -3.3969338228940398       -2.4395650693037951     
         225           1   0.0000000000000000        62.000000000000000        62.000000000000000       0.65219349292976037       0.51518098625564124     
         226           0        -999        -999        -999  -1.2830442833096813      -0.91856007098017489     
         227           0        -999        -999        -999   1.9765578896069806        1.4433415795507201     
         228           1   0.0000000000000000        69.000000000000000        64.000000000000000        3.1204251543700354        2.2288855241204626     
         229           1   0.0000000000000000        64.000000000000000        61.000000000000000       -6.5855200874466155E-002  -2.9708991953816065E-002
         230           0        -999        -999        -999  -3.3430730498551795       -2.3882484620022595     
         231           1   0.0000000000000000        61.000000000000000        61.000000000000000        4.2013043823769660        3.0867739398046927     
         232           0        -999        -999        -999  -2.4479108763912474       -1.7845719812462173     
         233           1   0.0000000000000000        72.000000000000000        65.000000000000000       -4.5128794141986841       -3.2531648705500653     
         234           1   0.0000000000000000        64.000000000000000        64.000000000000000       0.37391758489600202       0.26022939630679681     
         235           1   0.0000000000000000        73.000000000000000        69.000000000000000       -7.2630724784370377       -5.3641048211062810     
         236           1   0.0000000000000000        70.000000000000000        65.000000000000000       -4.3750039572193016       -3.2479362068972186     
         237           1   0.0000000000000000        56.000000000000000        61.000000000000000        4.3328878096609671        3.2271848917992361     
         238           1   0.0000000000000000        57.000000000000000        60.000000000000000        7.4223875440716460        5.4485321600856276     
         239           1   0.0000000000000000        57.000000000000000        64.000000000000000        2.3782830489707560        1.6741561116541497     
         240           1   0.0000000000000000        70.000000000000000        65.000000000000000       -4.0726000335570731       -2.9788561032045893     
         241           1   0.0000000000000000        69.000000000000000        64.000000000000000       -2.6532154314830065       -1.8995420788766686     
         242           0        -999        -999        -999  -1.8577737051104735       -1.3916352597422812     
         243           0        -999        -999        -999 -0.85487055925225264      -0.61698997009733025     
         244           1   0.0000000000000000        72.000000000000000        65.000000000000000       -4.0323562199108558       -2.9353129943417220     
         245           0        -999        -999        -999   4.9687090986271869        3.5775334954385802     
         246           0        -999        -999        -999 -0.30731196106986064      -0.15546207710249424     
         247           1   0.0000000000000000        62.000000000000000        61.000000000000000        3.4833172002256059        2.5563818251961594     
         248           1   0.0000000000000000        62.000000000000000        60.000000000000000        4.7636644545388585        3.4762652345474443     
         249           1   0.0000000000000000        70.000000000000000        62.000000000000000      -0.70371393229352885      -0.52139785891958279     
         250           1   0.0000000000000000        70.000000000000000        68.000000000000000       -2.8255111006453353       -2.0419816854453625     
         251           1   0.0000000000000000        57.000000000000000        59.000000000000000        8.7832445389961382        6.4066636996533495     
         252           1   0.0000000000000000        64.000000000000000        62.000000000000000       0.63034498653369320       0.42372028771663073     
         253           1   0.0000000000000000        69.000000000000000        67.000000000000000       -2.1677196844074462       -1.5951821718895618     
         254           0        -999        -999        -999   2.4140326624545181        1.7466773265247300     
         255           1   0.0000000000000000        67.000000000000000        64.000000000000000        5.5597291318889137E-002   4.9518490540609535E-002
         256           0        -999        -999        -999  -3.8638384338150136       -2.8272286099308337     
         257           1   0.0000000000000000        61.000000000000000        62.000000000000000        3.4738598146995798        2.5281907609294847     
         258           1   0.0000000000000000        64.000000000000000        62.000000000000000        2.4483259576256753        1.8388711583373043     
         259           1   0.0000000000000000        68.000000000000000        65.000000000000000      -0.47766760035923150      -0.26480528826617766     
         260           1   0.0000000000000000        74.000000000000000        69.000000000000000       -9.0931252179407593       -6.5816060482285490     
         261           1   0.0000000000000000        62.000000000000000        62.000000000000000        2.8193819587846765        2.0018109473900130     
         262           1   0.0000000000000000        69.000000000000000        63.000000000000000       -2.1960148019716477       -1.5877664130634230     
         263           1   0.0000000000000000        61.000000000000000        60.000000000000000        5.3250580922202140        3.9906542990510316     
         264           1   0.0000000000000000        74.000000000000000        68.000000000000000       -5.8849066515037647       -4.2872995513325147     
         265           1   0.0000000000000000        56.000000000000000        61.000000000000000        7.1754991638693433        5.1837571400439346     
         266           1   0.0000000000000000        70.000000000000000        65.000000000000000       -4.7770126415821901       -3.4794898869853226     
         267           1   0.0000000000000000        56.000000000000000        56.000000000000000        10.304285448631974        7.5600257420952008     
         268           1   0.0000000000000000        62.000000000000000        63.000000000000000        1.9760214137469501        1.4579473127858986     
         269           1   0.0000000000000000        62.000000000000000        58.000000000000000        7.5520381554602167        5.5798954026815162     
         270           1   0.0000000000000000        65.000000000000000        61.000000000000000        2.2465146841679942        1.6641564515960812     
         271           1   0.0000000000000000        63.000000000000000        64.000000000000000       0.51432528146261414       0.35107428714376843     
         272           0        -999        -999        -999  0.31984359907887955       0.25397211626435950     
         273           1   0.0000000000000000        64.000000000000000        64.000000000000000       -6.4490039786009486E-003   2.2348849870043840E-002
         274           1   0.0000000000000000        75.000000000000000        67.000000000000000        2.9344074779137754        2.1367024229138805     
         275           1   0.0000000000000000        68.000000000000000        65.000000000000000       -1.7054842821946599       -1.2926752088436604     
         276           1   0.0000000000000000        61.000000000000000        62.000000000000000        1.4374058615723364        1.0179112808564705     
         277           0        -999        -999        -999  0.19506517604155904       0.11168258783450082     
         278           1   0.0000000000000000        72.000000000000000        67.000000000000000       -5.0872542146141129       -3.7066241496586461     
         279           1   0.0000000000000000        74.000000000000000        68.000000000000000       -7.5525728864660255       -5.5490314605545601     
         280           1   0.0000000000000000        68.000000000000000        65.000000000000000       -2.8071898497251242       -2.0480464363095625     
         281           1   0.0000000000000000        68.000000000000000        65.000000000000000       -1.8293532374867352       -1.2914483223996138     
         282           1   0.0000000000000000        56.000000000000000        60.000000000000000        8.1012616375720867        5.8757505264985692     
         283           1   0.0000000000000000        69.000000000000000        66.000000000000000       -2.2908564935220199       -1.6677109615130954     
         284           1   0.0000000000000000        60.000000000000000        62.000000000000000        4.3921465442157945        3.2353530901104688     
         285           1   0.0000000000000000        62.000000000000000        61.000000000000000        3.6909508603333059        2.7001857420034718     
         286           1   0.0000000000000000        72.000000000000000        65.000000000000000       -4.3692056815966627       -3.1404854601995402     
         287           1   0.0000000000000000        72.000000000000000        66.000000000000000       -3.2648037520080124       -2.4088202064027633     
         288           1   0.0000000000000000        71.000000000000000        65.000000000000000       -3.1360296857766401       -2.2646060788626703     
         289           1   0.0000000000000000        62.000000000000000        63.000000000000000        5.8534173923139701        4.1793854910404438     
         290           0        -999        -999        -999  -4.1655409087010158       -3.0280140926729247     
         291           0        -999        -999        -999  -7.9201296393267988       -5.7722014698390227     
         292           1   1.0000000000000000        72.000000000000000        67.000000000000000       -4.8093583685985903       -3.4579478192936235     
         293           1   0.0000000000000000        71.000000000000000        66.000000000000000       -4.2428497494942921       -3.0936257205066613     
         294           1   0.0000000000000000        64.000000000000000        60.000000000000000        3.9325066083946592        2.8530974641811104     
         295           1   0.0000000000000000        66.000000000000000        64.000000000000000       -1.0282116092063764      -0.69795333500443946     
         296           0        -999        -999        -999  0.62264466836261079       0.42744174446673083     
         297           1   1.0000000000000000        73.000000000000000        68.000000000000000       -6.2090615435464827       -4.4555172790596824     
         298           1   0.0000000000000000        67.000000000000000        73.000000000000000       -4.1273779650096341       -3.0147165279296746     
         299           1   0.0000000000000000        70.000000000000000        64.000000000000000       -3.1587913955504807       -2.2870013727639291     
         300           1   0.0000000000000000        69.000000000000000        65.000000000000000       -2.2358057992269815       -1.5847718132606861     
         301           1   1.0000000000000000        62.000000000000000        62.000000000000000        4.2346907109128384        3.1448942693732858     
         302           1   0.0000000000000000        70.000000000000000        68.000000000000000       -5.1710903238540311       -3.7709992181338716     
         303           1   0.0000000000000000        70.000000000000000        64.000000000000000       -2.3650873574662841       -1.7479705445212215     
         304           1   0.0000000000000000        74.000000000000000        70.000000000000000       -7.0295271655162548       -5.1333088366999640     
         305           1   0.0000000000000000        61.000000000000000        62.000000000000000        3.0013409593004274        2.1680580328028074     
         306           1   0.0000000000000000        63.000000000000000        64.000000000000000       0.32056657965493401       0.20234742404202422     
         307           0        -999        -999        -999   3.9318867113461820        2.9204508964394744     
         308           1   0.0000000000000000        62.000000000000000        62.000000000000000        1.4372540391214337        1.0624715594689536     
         309           1   0.0000000000000000        71.000000000000000        65.000000000000000       -2.8165640623362123       -2.0633942212865009     
         310           1   0.0000000000000000        67.000000000000000        67.000000000000000       -2.0317886512124947       -1.5298069970640549     
         311           1   0.0000000000000000        62.000000000000000        62.000000000000000        2.8958279350442542        2.1093915149408216     
         312           1   0.0000000000000000        62.000000000000000        58.000000000000000        3.3223235278951511        2.3768761029875023     
         313           1   0.0000000000000000        71.000000000000000        67.000000000000000       -2.6085657044464607       -1.8863912226528290     
         314           0        -999        -999        -999  -3.1896002621475996       -2.3119307838881458     
         315           1   0.0000000000000000        68.000000000000000        65.000000000000000       -1.6032549990562597       -1.1679872520767345     
         316           1   0.0000000000000000        74.000000000000000        65.000000000000000       -3.2572002114289198       -2.3096860172245606     
         317           0        -999        -999        -999  -2.6377844803536523       -1.9241264148506241     
         318           1   0.0000000000000000        63.000000000000000        63.000000000000000       0.14434893761023390        8.1254419660123270E-002
         319           1   0.0000000000000000        74.000000000000000        69.000000000000000       -6.3205184274802173       -4.6132550720365284     
         320           0        -999        -999        -999   5.0127823284016912        3.7536398753542550     
         321           1   0.0000000000000000        60.000000000000000        62.000000000000000        4.3327614689301432        3.1497946851735672     
         322           0        -999        -999        -999  0.80266425278974407       0.54263371354217638     
         323           0        -999        -999        -999  -5.8818331112072917       -4.3223601113224852     
         324           1   0.0000000000000000        66.000000000000000        63.000000000000000       0.56880010099668066       0.42045209934378264     
         325           1   0.0000000000000000        70.000000000000000        66.000000000000000       -4.4016757248117271       -3.2173348832480406     
         326           0        -999        -999        -999   1.0430009484671960       0.75660832729606742     
         327           1   0.0000000000000000        62.000000000000000        61.000000000000000        2.6660283352004064        1.9145488299247730     
         328           1   0.0000000000000000        70.000000000000000        60.000000000000000       -1.5526212212696158       -1.0556228991318890     
         329           1   0.0000000000000000        65.000000000000000        59.000000000000000        1.8614927362412472        1.3371505051148844     
         330           1   0.0000000000000000        73.000000000000000        70.000000000000000       -7.1569505620479879       -5.0975562669071266     
         331           0        -999        -999        -999 -0.23813028083895887      -0.24255064176770166     
         332           1   0.0000000000000000        62.000000000000000        58.000000000000000        4.2143662613700341        3.0373867679829072     
         333           1   0.0000000000000000        61.000000000000000        63.000000000000000        1.4201353709445841        1.0329265892407808     
         334           1   0.0000000000000000        72.000000000000000        68.000000000000000       -6.8488345026001358       -5.0829345900903142     
         335           1   0.0000000000000000        68.000000000000000        64.000000000000000       -1.8301832835236531       -1.4184989194947810     
         336           0        -999        -999        -999   1.8132284088132595        1.3565843529567974     
         337           1   0.0000000000000000        69.000000000000000        57.000000000000000        3.3352953556447211        2.4786897638212695     
         338           0        -999        -999        -999  -6.2083177736405251       -4.5097941553222105     
         339           1   0.0000000000000000        60.000000000000000        58.000000000000000        5.0002264568196129        3.6846795740798193     
         340           1   0.0000000000000000        67.000000000000000        63.000000000000000       -7.9995731091890149E-002  -1.0894549217661809E-002
         341           1   0.0000000000000000        73.000000000000000        67.000000000000000       -7.6959440001382866       -5.6483354536540835     
         342           1   0.0000000000000000        74.000000000000000        69.000000000000000       -6.0447164349146183       -4.3813853295405387     
         343           1   0.0000000000000000        61.000000000000000        63.000000000000000        2.4400155099402308        1.7980732974540672     
         344           1   0.0000000000000000        67.000000000000000        59.000000000000000        1.0929974891836254       0.79115812690555076     
         345           0        -999        -999        -999   4.0056662007999533        2.9659932350124918     
         346           1   0.0000000000000000        73.000000000000000        67.000000000000000       -6.1063121113400838       -4.4415638507134352     
         347           1   0.0000000000000000        68.000000000000000        67.000000000000000       -4.1756015398505948       -3.0829862806904464     
         348           0        -999        -999        -999  -2.0881887584368317       -1.5221781289639051     
         349           1   1.0000000000000000        63.000000000000000        59.000000000000000        2.5129425900001774        1.8409054708559396     
         350           1   0.0000000000000000        64.000000000000000        64.000000000000000      -0.95624386082564372      -0.74040701194196645     
         351           1   1.0000000000000000        62.000000000000000        62.000000000000000        2.6796636169456876        1.9658824127259660     
         352           0        -999        -999        -999   3.8987520660177104        2.8391823944132426     
         353           1   0.0000000000000000        68.000000000000000        64.000000000000000      -0.12033315218636755       -6.4297395016832529E-002
         354           1   0.0000000000000000        70.000000000000000        66.000000000000000       -3.4141772391203897       -2.4589653653472769     
         355           1   0.0000000000000000        61.000000000000000        60.000000000000000        4.8124415542532049        3.4607650669047363     
         356           1   0.0000000000000000        71.000000000000000        67.000000000000000       -4.7067722510514498       -3.4112824610907104     
         357           1   0.0000000000000000        67.000000000000000        62.000000000000000      -0.10555223348483692       -8.6559467517468888E-002
         358           1   0.0000000000000000        76.000000000000000        69.000000000000000       -6.2786769216845073       -4.5575645411791186     
         359           0        -999        -999        -999  -1.5547275698146334       -1.1348160397025779     
         360           1   0.0000000000000000        68.000000000000000        62.000000000000000       -1.4599941343356784       -1.0716840226296240     
         361           1   0.0000000000000000        70.000000000000000        63.000000000000000       -3.6757252311823971       -2.6464761619925712     
         362           1   0.0000000000000000        62.000000000000000        58.000000000000000        3.2015152700427594        2.3566910037827071     
         363           0        -999        -999        -999   6.9230271010447950        4.9997104523392686     
         364           0        -999        -999        -999  -1.8622123545513924       -1.3058906614295573     
         365           1   0.0000000000000000        68.000000000000000        65.000000000000000       -2.3577684395879137       -1.7239944663863085     
         366           0        -999        -999        -999   4.2862077795403506        3.1505073747151147     
         367           1   0.0000000000000000        67.000000000000000        64.000000000000000      -0.43592847261324985      -0.30097105820717474     
         368           1   0.0000000000000000        74.000000000000000        68.000000000000000       -6.7871862405163723       -4.9928933235120869     
         369           0        -999        -999        -999   1.6063967721230819        1.1253099451506752     
         370           1   0.0000000000000000        71.000000000000000        65.000000000000000       -4.9594201400615505       -3.6433809665187353     
         371           1   0.0000000000000000        65.000000000000000        63.000000000000000       0.48906048281871861       0.26658531680727626     
         372           0        -999        -999        -999   3.6727879235853447        2.6620546785979600     
         373           1   0.0000000000000000        65.000000000000000        65.000000000000000       -1.9369315792640196       -1.5290391259941043     
         374           1   0.0000000000000000        61.000000000000000        62.000000000000000        3.1162037834200347        2.2980137587048244     
         375           1   0.0000000000000000        67.000000000000000        65.000000000000000      -0.94975827980273531      -0.72170642231259208     
         376           1   0.0000000000000000        69.000000000000000        63.000000000000000        1.4233483452408060       0.98615915242685770     
         377           1   0.0000000000000000        65.000000000000000        62.000000000000000       0.16613826446818727        6.3839797224173489E-002
         378           1   1.0000000000000000        61.000000000000000        60.000000000000000        7.0161897893337857        5.0462196783492681     
         379           1   1.0000000000000000        68.000000000000000        66.000000000000000       -2.4024256585667998       -1.7910504380230918     
         380           1   0.0000000000000000        63.000000000000000        62.000000000000000        2.2315519562228405        1.6326874491600427     
         381           1   0.0000000000000000        69.000000000000000        64.000000000000000       -1.6629022045862130       -1.2208913666009826     
         382           1   0.0000000000000000        68.000000000000000        63.000000000000000      -0.69006967402479347      -0.46265015606892379     
         383           1   0.0000000000000000        62.000000000000000        62.000000000000000        3.8655035285013257        2.7791834431587192     
         384           1   0.0000000000000000        72.000000000000000        66.000000000000000       -6.1927067341989233       -4.4352249200510734     
         385           1   0.0000000000000000        72.000000000000000        68.000000000000000       -5.6746039136952344       -4.1362374323030533     
         386           0        -999        -999        -999   3.1119914795108286        2.2704258965197246     
         387           0        -999        -999        -999   2.0621294853471368        1.4725046659530523     
         388           1   0.0000000000000000        64.000000000000000        62.000000000000000        2.3208619925855425        1.7592265063224712     
         389           0        -999        -999        -999   4.8714360911698469        3.5550142605208737     
         390           1   0.0000000000000000        67.000000000000000        63.000000000000000      -0.47243519391673316      -0.39135639212444162     
         391           0        -999        -999        -999 -0.87267866346964551      -0.56013947151660104     
         392           1   0.0000000000000000        58.000000000000000        59.000000000000000        8.1326910454188663        5.8173805368539346     
         393           1   0.0000000000000000        72.000000000000000        66.000000000000000       -4.2584081540601275       -3.1422997473709797     
         394           1   0.0000000000000000        61.000000000000000        65.000000000000000       0.24850404360972383        9.4809362258911276E-002
         395           1   0.0000000000000000        62.000000000000000        64.000000000000000      -0.14956902562695043      -0.14855161472981698     
         396           1   1.0000000000000000        57.000000000000000        55.000000000000000        15.364391964948140        11.174369319450264     
         397           0        -999        -999        -999  0.68698109150773801       0.47981313124301911     
         398           1   1.0000000000000000        62.000000000000000        62.000000000000000        3.2676513677613990        2.4155053183189481     
         399           1   0.0000000000000000        58.000000000000000        60.000000000000000        8.5908357173140466        6.2549072559184289     
         400           1   0.0000000000000000        67.000000000000000        68.000000000000000      -0.71200613251533340      -0.48673367503943932     
         401           1   0.0000000000000000        72.000000000000000        65.000000000000000       -5.1524197348627929       -3.6258235777056878     
         402           1   0.0000000000000000        65.000000000000000        62.000000000000000       -1.5923244893574688       -1.1577052668735461     
         403           1   0.0000000000000000        73.000000000000000        68.000000000000000       -6.1592151045991201       -4.5237742924842017     
         404           1   1.0000000000000000        65.000000000000000        64.000000000000000      -0.36601600622489128      -0.23395363359460167     
         405           1   0.0000000000000000        62.000000000000000        62.000000000000000        2.8496510449621142        2.0989751547447351     
         406           0        -999        -999        -999   1.1796873245239825       0.77878795228955922     
         407           0        -999        -999        -999  -2.9518568967494434       -2.2081580588029706     
         408           1   0.0000000000000000        66.000000000000000        64.000000000000000       -2.3364646045231385       -1.6523343344622017     
         409           1   0.0000000000000000        62.000000000000000        63.000000000000000        3.4468462916169771        2.4638652492155426     
         410           1   0.0000000000000000        62.000000000000000        61.000000000000000        3.6364964293345978        2.6600316271513753     
         411           0        -999        -999        -999  -1.4368437672484364       -1.0263583423948968     
         412           1   0.0000000000000000        72.000000000000000        69.000000000000000       -7.1753835992844142       -5.2967329172898063     
         413           1   0.0000000000000000        68.000000000000000        62.000000000000000      -0.66515584287813978      -0.48245381881256316     
         414           1   0.0000000000000000        69.000000000000000        75.000000000000000       -6.2386096821727577       -4.5505098690508534     
         415           1   0.0000000000000000        65.000000000000000        64.000000000000000      -0.15063854211044883      -0.15097851109015981     
         416           1   0.0000000000000000        58.000000000000000        62.000000000000000        4.3536376442960787        3.1381495687559227     
         417           0        -999        -999        -999  -1.9516988686043915       -1.4118247958330676     
         418           0        -999        -999        -999  0.97152491861733625       0.72032890632711488     
         419           1   0.0000000000000000        74.000000000000000        65.000000000000000       -5.8131446341387036       -4.2285302288313904     
         420           1   0.0000000000000000        71.000000000000000        65.000000000000000       -6.4288436610297426       -4.6348383642345015     
         421           1   0.0000000000000000        65.000000000000000        60.000000000000000        2.4552954283483364        1.7785589378918385     
         422           0        -999        -999        -999  -1.4717082882669368       -1.0256859310279709     
         423           1   0.0000000000000000        62.000000000000000        60.000000000000000        2.9182758424814379        2.2280344050440326     
         424           1   0.0000000000000000        72.000000000000000        64.000000000000000       -3.9443102767770601       -2.8389839756487247     
         425           1   0.0000000000000000        68.000000000000000        63.000000000000000      -0.66898549921485695      -0.50832483892447811     
         426           1   0.0000000000000000        73.000000000000000        65.000000000000000       -5.5904093294191686       -4.0842512992889901     
         427           1   0.0000000000000000        73.000000000000000        66.000000000000000       -5.7323802574480194       -4.1096969487488479     
         428           1   0.0000000000000000        70.000000000000000        64.000000000000000       -2.7960995288082859       -2.1042195579123186     
         429           1   0.0000000000000000        76.000000000000000        69.000000000000000       -5.5598397566598488       -4.0348707089596276     
         430           0        -999        -999        -999   5.0860982163928536        3.6333130979134216     
         431           0        -999        -999        -999   1.1840464679204834       0.83608313146708968     
         432           1   1.0000000000000000        62.000000000000000        61.000000000000000        4.0766674574038504        2.9702144396410870     
         433           1   0.0000000000000000        69.000000000000000        65.000000000000000       0.91644205850022642       0.62740827162244728     
         434           1   0.0000000000000000        70.000000000000000        64.000000000000000       -2.8321029644083917       -2.0567546766884681     
         435           0        -999        -999        -999  -6.0795760882315948       -4.4567776611561012     
         436           1   1.0000000000000000        64.000000000000000        62.000000000000000        9.9807624769763847E-002  0.12313267247554301     
         437           1   0.0000000000000000        65.000000000000000        66.000000000000000      -0.41728909824674260      -0.24941465444241231     
         438           1   0.0000000000000000        62.000000000000000        62.000000000000000        2.3737359032143970        1.6568249421639893     
         439           1   0.0000000000000000        62.000000000000000        62.000000000000000        4.2233331137486294        3.1508464389441282     
         440           1   0.0000000000000000        69.000000000000000        60.000000000000000       -1.1226992183229887      -0.83740068221389918     
         441           1   1.0000000000000000        61.000000000000000        61.000000000000000        6.6904279305017589        4.8485782415459378     
         442           1   0.0000000000000000        71.000000000000000        69.000000000000000       -5.0029900821907765       -3.6020552698841222     
         443           0        -999        -999        -999  -5.8501763810881480       -4.2313415012179316     
         444           0        -999        -999        -999  -3.5914959106311546       -2.6385056463972330     
         445           0        -999        -999        -999   3.5747711366346051        2.6085015982447488     
         446           1   0.0000000000000000        66.000000000000000        64.000000000000000      -0.35516847894720732      -0.23933166517579912     
         447           1   0.0000000000000000        67.000000000000000        63.000000000000000      -0.53347325168878446      -0.43181337489360816     
         448           1   0.0000000000000000        62.000000000000000        61.000000000000000        3.4917971986432259        2.5514678001562747     
         449           1   0.0000000000000000        59.000000000000000        60.000000000000000        5.5081973894487559        3.9468145791192550     
         450           0        -999        -999        -999 -0.81321881201865853      -0.58938275605934221     
         451           0        -999        -999        -999  -5.7010793707779461       -4.1613164872923498     
         452           1   0.0000000000000000        62.000000000000000        62.000000000000000        2.2341147372795152        1.6099614155724913     
         453           1   0.0000000000000000        68.000000000000000        65.000000000000000       -2.7759953019326180       -2.0088702315701092     
         454           1   0.0000000000000000        67.000000000000000        62.000000000000000      -0.91283667486442621      -0.74971570950293975     
         455           1   0.0000000000000000        74.000000000000000        67.000000000000000       -6.8399981338441878       -4.9441699678310851     
         456           1   0.0000000000000000        69.000000000000000        62.000000000000000      -0.26956369989703577      -0.12834915941247110     
         457           1   0.0000000000000000        60.000000000000000        62.000000000000000        6.3432289379469635        4.5960627190800230     
         458           0        -999        -999        -999  -4.3130658398965478       -3.1839724968654028     
         459           0        -999        -999        -999  -3.2549197411495903       -2.3138667392056771     
         460           1   0.0000000000000000        72.000000000000000        65.000000000000000       -5.3273700837362448       -3.9118819367533950     
         461           1   0.0000000000000000        72.000000000000000        68.000000000000000       -5.2859705110250275       -3.8555518273756242     
         462           1   0.0000000000000000        75.000000000000000        70.000000000000000       -8.5888686349094669       -6.2984491124560416     
         463           1   0.0000000000000000        66.000000000000000        63.000000000000000      -0.88410464824255708      -0.70351628793280141     
         464           1   0.0000000000000000        62.000000000000000        65.000000000000000        3.1869955831319157        2.3185163806560816     
         465           1   0.0000000000000000        64.000000000000000        63.000000000000000        3.3673036782505976        2.3957705550139776     
         466           1   0.0000000000000000        67.000000000000000        65.000000000000000      -0.22571567969291578      -0.16013990810382125     
         467           0        -999        -999        -999   1.5834263864460467        1.0932599641538767     
         468           1   0.0000000000000000        64.000000000000000        62.000000000000000       0.80063765153419464       0.62900248573845774     
         469           0        -999        -999        -999   3.9742370120118919        2.9790372111928689     
         470           0        -999        -999        -999   8.4536657839562324E-002   5.4601271038349102E-002
         471           0        -999        -999        -999   5.5456594683643097        4.0451131438523404     
         472           1   0.0000000000000000        62.000000000000000        62.000000000000000        2.6546576175956726        1.8907561093417840     
         473           1   0.0000000000000000        73.000000000000000        65.000000000000000       0.29581415251994564       0.21565426239248786     
         474           1   1.0000000000000000        59.000000000000000        59.000000000000000        7.1282740575407395        5.1288368280867260     
         475           1   1.0000000000000000        62.000000000000000        61.000000000000000        2.5927499549421027        1.8692987884556045     
         476           1   0.0000000000000000        70.000000000000000        64.000000000000000       -3.4822263410107723E-003  -1.8921358794839742E-002
         477           1   1.0000000000000000        62.000000000000000        62.000000000000000        9.8344263557403835        7.2626765241302023     
         478           1   0.0000000000000000        68.000000000000000        63.000000000000000      -0.22664155653905524      -0.19020679131767365     
         479           1   0.0000000000000000        60.000000000000000        62.000000000000000        3.6742233490584457        2.6539907629349440     
         480           0        -999        -999        -999   3.2248191142111455        2.3562530828111390     
         481           0        -999        -999        -999  -5.9969425519878303       -4.4593861701081865     
         482           1   0.0000000000000000        66.000000000000000        62.000000000000000      -0.52793914384660035      -0.35510472691900752     
         483           0        -999        -999        -999 -0.83645795420730240      -0.58839318327110446     
         484           1   1.0000000000000000        73.000000000000000        68.000000000000000       -7.1465124845636794       -5.1206442113325741     
         485           1   1.0000000000000000        61.000000000000000        56.000000000000000        6.2902132636170167        4.5896991306175741     
         486           0        -999        -999        -999  -5.5667636290920770       -4.0664105053925290     
         487           1   0.0000000000000000        62.000000000000000        66.000000000000000      -0.31365238334498791      -0.23422030052065890     
         488           1   0.0000000000000000        63.000000000000000        60.000000000000000        3.9109928012280415        2.8332491719196473     
         489           0        -999        -999        -999  -6.2672228035988145       -4.5183945802237195     
         490           0        -999        -999        -999  -1.8386667162708172       -1.2865127753288987     
         491           1   0.0000000000000000        56.000000000000000        62.000000000000000        4.9734761262364007        3.6722340403739349     
         492           0        -999        -999        -999  -5.7127875235781946       -4.1843218229071546     
         493           1   0.0000000000000000        65.000000000000000        64.000000000000000       0.17239377436376732       0.16621430414059024     
         494           0        -999        -999        -999  -5.8323792463299116       -4.2263813811065472     
         495           1   0.0000000000000000        60.000000000000000        65.000000000000000        4.3165182119605774        3.1570748574547607     
         496           1   1.0000000000000000        70.000000000000000        66.000000000000000       -4.5437078161159663       -3.2998278935957601     
         497           1   0.0000000000000000        56.000000000000000        59.000000000000000        9.8655271173458896        7.2632954287856615     
         498           1   0.0000000000000000        65.000000000000000        62.000000000000000       0.10103170015279395        6.9410036895845892E-002
         499           1   0.0000000000000000        60.000000000000000        60.000000000000000        5.8368202228571473        4.2563327351084688     
         500           1   0.0000000000000000        72.000000000000000        67.000000000000000       -3.8307974263038975       -2.7988058075010667     
         501           1   0.0000000000000000        73.000000000000000        66.000000000000000       -5.3213902867148910       -3.8918900831869183     
         502           1   0.0000000000000000        66.000000000000000        64.000000000000000      -0.34818167337034411      -0.23204243639416092     
         503           1   0.0000000000000000        70.000000000000000        63.000000000000000       -3.3420857836847215       -2.4424832713687277     
         504           0        -999        -999        -999  -2.0581634542104061       -1.4957063073143646     
         505           1   0.0000000000000000        61.000000000000000        62.000000000000000        3.3004528672375901        2.3815723120770249     
         506           0        -999        -999        -999  -1.5353566658186524       -1.1032666324172709     
         507           1   0.0000000000000000        70.000000000000000        65.000000000000000       -2.5214095242076020       -1.8861130678688685     
         508           1   0.0000000000000000        68.000000000000000        62.000000000000000       -1.4324153633574803       -1.0388586203605257     
         509           1   0.0000000000000000        54.000000000000000        58.000000000000000        10.564136014589870        7.7520710411228553     
         510           1   0.0000000000000000        63.000000000000000        60.000000000000000        2.9008856432400529        2.1039562613335927     
         511           1   0.0000000000000000        73.000000000000000        68.000000000000000       -6.1282746439754723       -4.4274596647595761     
         512           1   0.0000000000000000        63.000000000000000        62.000000000000000        1.9934148356001726        1.4373232370743652     
         513           1   0.0000000000000000        70.000000000000000        64.000000000000000       -3.3306771171832317       -2.4827182336096776     
         514           1   0.0000000000000000        65.000000000000000        62.000000000000000        1.4998245027461963        1.0933353403778043     
         515           1   0.0000000000000000        73.000000000000000        67.000000000000000       -6.9722522320378717       -4.9580565746984941     
         516           1   0.0000000000000000        62.000000000000000        61.000000000000000        3.2828243342144878        2.4029958721692788     
         517           1   1.0000000000000000        64.000000000000000        62.000000000000000        1.3525357701506013       0.95162266932216399     
         518           1   1.0000000000000000        62.000000000000000        61.000000000000000        3.6359635098471852        2.6440319500734728     
         519           1   0.0000000000000000        62.000000000000000        62.000000000000000        1.3310659734998620       0.97012426032105370     
         520           1   0.0000000000000000        62.000000000000000        62.000000000000000        1.4926152369272896        1.1040370017330974     
         521           1   0.0000000000000000        58.000000000000000        64.000000000000000        5.2834729303818735        3.7775568764482390     
         522           1   0.0000000000000000        61.000000000000000        62.000000000000000        2.5544255017038733        1.8483356936020345     
         523           1   0.0000000000000000        59.000000000000000        61.000000000000000        6.1553434331444166        4.5333477122638337     
         524           1   0.0000000000000000        69.000000000000000        64.000000000000000       -1.6296749641876991       -1.2280705014353892     
         525           1   0.0000000000000000        72.000000000000000        67.000000000000000       -6.2617538963176287       -4.5729007346180097     
         526           1   0.0000000000000000        62.000000000000000        62.000000000000000        1.5345642391082990        1.0728503051271325     
         527           0        -999        -999        -999  -6.1387500728705735       -4.4474405912477080     
         528           0        -999        -999        -999  -5.7016592085355509       -4.0843279216777191     
         529           1   0.0000000000000000        69.000000000000000        66.000000000000000       -2.7431603623121408       -1.9905709215575376     
         530           1   0.0000000000000000        71.000000000000000        64.000000000000000       -5.3275820218509455       -3.8573355734038666     
         531           0        -999        -999        -999   4.6155287424217875        3.3727991254951575     
         532           1   0.0000000000000000        61.000000000000000        60.000000000000000        4.9085822822115901        3.5583753560731468     
         533           1   0.0000000000000000        59.000000000000000        57.000000000000000        7.4196288419912761        5.4496260998500823     
         534           1   0.0000000000000000        68.000000000000000        66.000000000000000       -3.6736037683523222       -2.7090054501332763     
         535           1   0.0000000000000000        62.000000000000000        62.000000000000000        2.3130090095652984        1.6068489111102304     
         536           1   0.0000000000000000        62.000000000000000        63.000000000000000        1.7988078800092446        1.3190206913044746     
         537           1   0.0000000000000000        69.000000000000000        68.000000000000000       -1.9133758957026188       -1.4280030774153343     
         538           0        -999        -999        -999  -7.5177853857376684       -5.4405986314285828     
         539           1   0.0000000000000000        68.000000000000000        63.000000000000000       -3.0762959042118534       -2.2073162802710717     
         540           0        -999        -999        -999  -2.6567724117446754       -1.9609497820909294     
         541           0        -999        -999        -999  -6.5568707985360835       -4.7047170194163961     
         542           0        -999        -999        -999   4.9474649536594368        3.6007937967666028     
         543           1   0.0000000000000000        67.000000000000000        64.000000000000000      -0.27301750506352035      -0.16511189746545951     
         544           1   0.0000000000000000        59.000000000000000        58.000000000000000        7.2924702186725279        5.2807550065873041     
         545           1   0.0000000000000000        62.000000000000000        59.000000000000000        4.1693949077021513        3.1010160635151491     
         546           1   0.0000000000000000        68.000000000000000        62.000000000000000      -0.82788626354635819      -0.60333256996089657     
         547           1   0.0000000000000000        60.000000000000000        60.000000000000000        6.0806920083777936        4.4006828386475556     
         548           1   1.0000000000000000        71.000000000000000        68.000000000000000       -4.1522071631587982       -3.0023919398486414     
         549           0        -999        -999        -999   4.2944802148900285        3.1067624107516552     
         550           1   0.0000000000000000        69.000000000000000        65.000000000000000       -2.4710430387915538       -1.7763519193024309     
         551           0        -999        -999        -999  -7.9273618036184734       -5.7618798019071438     
         552           1   0.0000000000000000        69.000000000000000        67.000000000000000       -4.3226009971786938       -3.0992111670902092     
         553           1   0.0000000000000000        60.000000000000000        57.000000000000000        5.7436230950160727        4.1878201299622617     
         554           1   0.0000000000000000        72.000000000000000        69.000000000000000       -6.0294493262750066       -4.4234863888280431     
         555           1   0.0000000000000000        70.000000000000000        63.000000000000000       -3.7896385880720782       -2.7445958345272783     
         556           1   0.0000000000000000        70.000000000000000        64.000000000000000       -1.7156903285555893       -1.2214307199972498     
         557           1   0.0000000000000000        69.000000000000000        66.000000000000000       -1.9945291414735036       -1.4445763302011423     
         558           1   0.0000000000000000        57.000000000000000        58.000000000000000        7.2329790836835262        5.2118323744819124     
         559           1   0.0000000000000000        59.000000000000000        63.000000000000000        2.0681452458264413        1.5312327432977799     
         560           1   0.0000000000000000        62.000000000000000        61.000000000000000        2.6527855011808752        2.0257542528676220     
         561           1   0.0000000000000000        73.000000000000000        69.000000000000000       -6.3796002238645313       -4.5905313540958170     
         562           1   0.0000000000000000        56.000000000000000        54.000000000000000        10.053288957287259        7.3769704175130073     
         563           1   0.0000000000000000        70.000000000000000        68.000000000000000       -5.0737133135272101       -3.6386082371301733     
         564           1   0.0000000000000000        65.000000000000000        61.000000000000000       0.34450809780218578       0.29794984072763886     
         565           1   0.0000000000000000        62.000000000000000        56.000000000000000        4.6650125052209308        3.3827390217001838     
         566           1   0.0000000000000000        75.000000000000000        69.000000000000000       -7.9182526980251939       -5.7358901427256059     
         567           1   0.0000000000000000        70.000000000000000        64.000000000000000       -2.9568893664972524       -2.0849996388067771     
         568           0        -999        -999        -999  -2.0029903402514546       -1.5362477488698176     
         569           0        -999        -999        -999  -2.6283238079908724       -1.9460647756953395     
         570           1   0.0000000000000000        73.000000000000000        68.000000000000000       -6.8790046156783600       -5.0109452771493128     
         571           1   0.0000000000000000        59.000000000000000        60.000000000000000        5.1315900619193018        3.7218751723090548     
         572           1   0.0000000000000000        62.000000000000000        62.000000000000000        2.6076002011174508        1.8808118590436751     
         573           1   0.0000000000000000        71.000000000000000        66.000000000000000       -4.2710522061878615       -3.0333936625059259     
         574           1   0.0000000000000000        54.000000000000000        59.000000000000000        9.9419958241182922        7.2417963112926449     
         575           1   0.0000000000000000        67.000000000000000        63.000000000000000        8.5788600028460116E-002   6.9069767982751995E-002
         576           1   0.0000000000000000        61.000000000000000        62.000000000000000        4.0224996838717786        2.8855594346414866     
         577           1   0.0000000000000000        63.000000000000000        61.000000000000000        2.9528394344826840        2.1810064040571704     
         578           1   0.0000000000000000        56.000000000000000        61.000000000000000        7.0329093544368178        5.0736651721672770     
         579           1   0.0000000000000000        62.000000000000000        60.000000000000000        4.8435170688670164        3.4495874870665726     
         580           1   0.0000000000000000        68.000000000000000        64.000000000000000       0.82823769984352569       0.60707657672839443     
         581           0        -999        -999        -999  -1.4595133433116509       -1.1096928286004710     
         582           1   1.0000000000000000        64.000000000000000        60.000000000000000        1.9543113618301740        1.3646868953018023     
         583           1   0.0000000000000000        71.000000000000000        62.000000000000000       -2.5321637570796800       -1.7745878167379641     
         584           0        -999        -999        -999  0.52128350237014420       0.38490790610407866     
         585           1   0.0000000000000000        62.000000000000000        60.000000000000000        1.5264107860113438        1.0749280306658699     
         586           1   0.0000000000000000        71.000000000000000        62.000000000000000       -3.6026434371671523       -2.6413120085970552     
         587           1   0.0000000000000000        70.000000000000000        66.000000000000000       -1.9984471281130802       -1.4566214077331827     
         588           1   0.0000000000000000        70.000000000000000        64.000000000000000       -4.1879813138182387       -3.1007085775215235     
         589           1   0.0000000000000000        67.000000000000000        62.000000000000000       -1.2084356779929046      -0.90565931787406218     
         590           1   0.0000000000000000        69.000000000000000        67.000000000000000       -4.3197385188626729       -3.1563262392111642     
         591           0        -999        -999        -999   4.6668978524862252        3.5326213375179467     
         592           1   0.0000000000000000        68.000000000000000        65.000000000000000       -2.9018166323156356       -2.1459588083826842     
         593           1   0.0000000000000000        73.000000000000000        68.000000000000000       -5.5465003847498728       -4.0400131424697410     
         594           0        -999        -999        -999  -2.4223501879193043       -1.7639576804526940     
         595           1   0.0000000000000000        62.000000000000000        62.000000000000000        2.5158130941070223        1.8852158253018252     
         596           1   0.0000000000000000        70.000000000000000        68.000000000000000       -6.3338189278300128       -4.6151976220995135     
         597           1   0.0000000000000000        61.000000000000000        62.000000000000000        3.7929000733671665        2.7915245409483100     
         598           0        -999        -999        -999   1.1579081065390289       0.88790101317257419     
         599           0        -999        -999        -999  -1.6543624633645364       -1.2123599047281537     
         600           1   0.0000000000000000        72.000000000000000        69.000000000000000       -7.9564800992521008       -5.8225431122592575     
         601           0        -999        -999        -999 -0.47437124145167636      -0.38116225939519366     
         602           1   0.0000000000000000        69.000000000000000        65.000000000000000       -2.4205320113676771       -1.7743385236769647     
         603           1   0.0000000000000000        60.000000000000000        57.000000000000000        6.0267338090290101        4.3696577166784447     
         604           1   0.0000000000000000        67.000000000000000        64.000000000000000      -0.85622653243890146      -0.58347296922092151     
