           1           1   0.0000000000000000        70.000000000000000        66.000000000000000       -1.6531696044590440      -0.64239618084764316     
           2           1   0.0000000000000000        69.000000000000000        68.000000000000000       -1.3337473345799560       -1.1416317380700907     
           3           1   0.0000000000000000        63.000000000000000        70.000000000000000       0.20538132585759947       -1.9699088675864991     
           4           0        -999        -999        -999  0.42942907855256990        1.1322490160149683     
           5           1   0.0000000000000000        62.000000000000000        62.000000000000000        1.7134866800046191       0.53602018725444955     
           6           1   0.0000000000000000        72.000000000000000        63.000000000000000       -2.2645409936347427      -0.45642345322630712     
           7           0        -999        -999        -999  -7.7643611703589521E-002 -0.65560036358667917     
           8           1   0.0000000000000000        68.000000000000000        61.000000000000000      -0.85107921749566895        1.3419190589162380     
           9           1   1.0000000000000000        67.000000000000000        66.000000000000000      -0.29667456188984781      -0.24769099333495781     
          10           0        -999        -999        -999  0.32943674050187011       0.29992144763129686     
          11           1   0.0000000000000000        62.000000000000000        63.000000000000000        1.5639980951580386       0.21857718777917337     
          12           1   0.0000000000000000        65.000000000000000        66.000000000000000        5.3072727447233577E-002 -0.40625606518142371     
          13           1   0.0000000000000000        67.000000000000000        66.000000000000000       -1.6405911921650826       -1.5313144700283829     
          14           1   1.0000000000000000        69.000000000000000        67.000000000000000       -1.2161461518411520      -0.48167954740100660     
          15           1   0.0000000000000000        63.000000000000000        62.000000000000000        1.8772441591006492        1.2477628789115447     
          16           1   0.0000000000000000        68.000000000000000        66.000000000000000       -1.2721278433587717        1.7316524230561719E-002
          17           1   0.0000000000000000        62.000000000000000        65.000000000000000        1.8624974927155968      -0.41370024033411196     
          18           1   0.0000000000000000        62.000000000000000        62.000000000000000        1.8273233134078988       0.72050130112960686     
          19           0        -999        -999        -999 -0.38719274569863998      -0.16123890833410645     
          20           1   0.0000000000000000        60.000000000000000        62.000000000000000       0.88226079623591791        1.2150744109600569     
          21           1   0.0000000000000000        63.000000000000000        59.000000000000000        1.0238974764603228        1.4765179833221336     
          22           1   0.0000000000000000        71.000000000000000        64.000000000000000       -1.9354165490092929       0.45291510635571397     
          23           1   0.0000000000000000        63.000000000000000        63.000000000000000       0.81337115014540462        1.0829359695361691     
          24           1   0.0000000000000000        71.000000000000000        65.000000000000000       -2.5609474608501284      -0.84980991382107485     
          25           0        -999        -999        -999 -0.44538298301565149      -0.80165127461533869     
          26           1   1.0000000000000000        64.000000000000000        69.000000000000000       0.95235991073794291       -1.6950360403058247     
          27           1   0.0000000000000000        60.000000000000000        62.000000000000000        2.7921713065237572        1.4725110187953048     
          28           1   0.0000000000000000        63.000000000000000        62.000000000000000        1.4199153729190892       0.72694357889975847     
          29           1   0.0000000000000000        65.000000000000000        63.000000000000000      -0.16263394089532759       0.60935286358572294     
          30           1   0.0000000000000000        62.000000000000000        61.000000000000000        1.9847483633405545        1.7088078818734524     
          31           1   0.0000000000000000        69.000000000000000        64.000000000000000       -1.2103819506230198       0.25090268623308531     
          32           1   0.0000000000000000        64.000000000000000        70.000000000000000       0.66585240768878473       -2.1235228199740948     
          33           1   0.0000000000000000        68.000000000000000        65.000000000000000       -1.4411857839962241      -0.48749352817654712     
          34           1   0.0000000000000000        62.000000000000000        62.000000000000000       0.96444561679062080        1.4456069244818102     
          35           0        -999        -999        -999 -0.98949985696309628        1.7357751522787839     
          36           0        -999        -999        -999 -0.35094139661994217       0.75059136726817943     
          37           1   0.0000000000000000        72.000000000000000        65.000000000000000       -2.4153808899170799      -0.53597426370274692     
          38           1   0.0000000000000000        69.000000000000000        61.000000000000000      -0.80930303118665459        1.7766336147624271     
          39           0        -999        -999        -999 -0.37565626093675336      -0.12960753694956062     
          40           1   0.0000000000000000        62.000000000000000        64.000000000000000        1.4245445506632972       0.99791720071932222     
          41           1   0.0000000000000000        69.000000000000000        68.000000000000000       -8.2936173789115983E-002  -1.7401542785455015     
          42           0        -999        -999        -999   3.3540931540278499E-002   1.2177010752063113     
          43           1   0.0000000000000000        69.000000000000000        65.000000000000000       -1.6968209576932956      -0.29119908386518928     
          44           1   0.0000000000000000        63.000000000000000        62.000000000000000        1.2088518826606183        1.0791929697568898     
          45           1   1.0000000000000000        68.000000000000000        68.000000000000000      -0.96227460227335937       -1.6365373710343241     
          46           1   0.0000000000000000        70.000000000000000        67.000000000000000       -1.5018744480439805       -1.1480798093297104     
          47           0        -999        -999        -999   4.0061779857368321E-002 -0.27311678719080851     
          48           1   0.0000000000000000        62.000000000000000        62.000000000000000        1.9148739777702359       0.61857003005302258     
          49           0        -999        -999        -999 -0.45001198467313203        2.3154693351759068     
          50           0        -999        -999        -999 -0.25420254840188355       -1.6717505979108547     
          51           1   0.0000000000000000        61.000000000000000        65.000000000000000        1.6282717630008909      -0.11899917693140991     
          52           1   0.0000000000000000        70.000000000000000        67.000000000000000       -1.9459601698912194       -1.0712692141645253     
          53           1   0.0000000000000000        65.000000000000000        61.000000000000000        1.1191489873206408        1.5380776111661345     
          54           1   0.0000000000000000        70.000000000000000        64.000000000000000       -1.8113939297831509       0.33291443680916899     
          55           1   0.0000000000000000        71.000000000000000        67.000000000000000       -2.4783083501146415      -0.70337743352848503     
          56           1   1.0000000000000000        69.000000000000000        67.000000000000000       -2.0277973447791662       -1.5421900271848654     
          57           0        -999        -999        -999 -0.62762593580342496       -1.4670692437581863     
          58           1   0.0000000000000000        62.000000000000000        64.000000000000000        1.8592090682535298       0.36905992490553863     
          59           1   0.0000000000000000        61.000000000000000        63.000000000000000        1.8044517860458373        1.0090203393033628     
          60           1   0.0000000000000000        66.000000000000000        60.000000000000000       0.35585965618071458        1.9077350761797292     
          61           0        -999        -999        -999  0.64315205536671227       -1.6436641385311273     
          62           1   0.0000000000000000        71.000000000000000        67.000000000000000       -2.0117890152985436      -0.35335411526608895     
          63           1   0.0000000000000000        64.000000000000000        62.000000000000000       0.27567480058647464        1.9461151396445666     
          64           1   0.0000000000000000        62.000000000000000        62.000000000000000        1.9646145108396840       0.55580913103086793     
          65           0        -999        -999        -999   3.7015735676528168E-002   1.3665952140126876     
          66           1   0.0000000000000000        64.000000000000000        65.000000000000000      -0.50666546823744774      -0.18896949702329299     
          67           0        -999        -999        -999  0.18616867459307621      -0.24171138261085570     
          68           1   0.0000000000000000        66.000000000000000        63.000000000000000      -0.25790139736164019      -0.12031722192096829     
          69           1   0.0000000000000000        68.000000000000000        66.000000000000000      -0.31799106569337526      -0.74657384053616194     
          70           1   0.0000000000000000        64.000000000000000        60.000000000000000       0.63011218254710233        2.3478616218391766     
          71           1   0.0000000000000000        68.000000000000000        68.000000000000000       -1.7336509660788750      -0.67294712033442350     
          72           1   0.0000000000000000        70.000000000000000        66.000000000000000       -1.6719751419777957      -0.33595467542779450     
          73           1   0.0000000000000000        65.000000000000000        68.000000000000000       -7.4824046070368078E-002  0.11081707799446372     
          74           0        -999        -999        -999  0.19071420153937424      -0.50943155000690676     
          75           1   0.0000000000000000        65.000000000000000        66.000000000000000       0.43098224728984724      -0.17701347119459285     
          76           1   0.0000000000000000        69.000000000000000        66.000000000000000       -2.5955156431064359       -1.1035557875385722     
          77           0        -999        -999        -999  -1.2560786529121406E-002  -1.9652845007419222     
          78           1   0.0000000000000000        69.000000000000000        65.000000000000000       -1.3438471833884003      -0.67977055718598411     
          79           1   0.0000000000000000        63.000000000000000        61.000000000000000        1.0344106807342321        1.5141947008511132     
          80           1   0.0000000000000000        71.000000000000000        65.000000000000000       -1.4733661318791185       0.32271054579627373     
          81           1   0.0000000000000000        64.000000000000000        62.000000000000000       0.25186008859989140        1.5408416333537232     
          82           1   0.0000000000000000        71.000000000000000        67.000000000000000       -2.5262997661189970       -1.2893197770202267     
          83           0        -999        -999        -999 -0.95300176830086358       0.40706567154155904     
          84           1   0.0000000000000000        63.000000000000000        65.000000000000000       0.49962928850521060       -7.6421403200483878E-002
          85           1   0.0000000000000000        62.000000000000000        62.000000000000000        2.8368064933383290        1.8455596766369253     
          86           1   1.0000000000000000        67.000000000000000        62.000000000000000      -0.90066722996447823        1.0185305971915872     
          87           0        -999        -999        -999  0.12492840639997961       -3.1980455780345737E-002
          88           0        -999        -999        -999 -0.74674424313448640        7.8514862996416093E-002
          89           0        -999        -999        -999  0.43695651834493998       0.30397085089105302     
          90           1   0.0000000000000000        62.000000000000000        61.000000000000000        1.1761818281332947        1.6693477790577402     
          91           1   0.0000000000000000        62.000000000000000        63.000000000000000       0.73138354349348889        1.3640255918308055     
          92           1   0.0000000000000000        58.000000000000000        79.000000000000000        1.6906208554085038       0.70830845423874056     
          93           1   0.0000000000000000        65.000000000000000        61.000000000000000      -0.61737700261650019        2.1141909764634512     
          94           1   0.0000000000000000        60.000000000000000        64.000000000000000        1.8485617030498833        1.2333345642860174     
          95           0        -999        -999        -999 -0.63081874736955679      -0.99000471566275494     
          96           0        -999        -999        -999  0.66701381233060042      -0.26135918088955651     
          97           1   1.0000000000000000        68.000000000000000        67.000000000000000      -0.12292804647814744       0.11688477872747288     
          98           1   0.0000000000000000        64.000000000000000        65.000000000000000       0.76800377931565000       -5.9504622782383575E-002
          99           1   1.0000000000000000        70.000000000000000        68.000000000000000       -2.0730517898310863       -1.1800222708544421     
         100           1   0.0000000000000000        69.000000000000000        67.000000000000000       -1.2992711967782842      -0.92759164183890963     
         101           0        -999        -999        -999 -0.15568549596645453      -0.40686365256610862     
         102           1   0.0000000000000000        69.000000000000000        64.000000000000000       -1.5877631729128283        1.3989325328190916     
         103           1   0.0000000000000000        69.000000000000000        65.000000000000000      -0.85313856696211021       -1.0602647702935240     
         104           1   0.0000000000000000        66.000000000000000        65.000000000000000       0.36062144208292429      -0.13426912299232827     
         105           0        -999        -999        -999 -0.22901346796326749        2.7558109775749458E-002
         106           1   0.0000000000000000        67.000000000000000        62.000000000000000       -7.9991055351772603E-002   9.3805657759159552E-003
         107           0        -999        -999        -999  0.34985309600476966        1.4444208062476582     
         108           1   0.0000000000000000        60.000000000000000        65.000000000000000        2.2254606962400429       0.52977387807660226     
         109           1   0.0000000000000000        70.000000000000000        65.000000000000000       -1.8736323079494515      -0.68416291602132517     
         110           0        -999        -999        -999   1.2604414483656035        7.4951371357746779E-002
         111           0        -999        -999        -999   5.5698834397525696E-002  -1.5254096985337160     
         112           0        -999        -999        -999 -0.69411109989980968        2.2341483201115491     
         113           1   0.0000000000000000        71.000000000000000        63.000000000000000       -1.5286177313290303       0.46284583428643006     
         114           1   0.0000000000000000        71.000000000000000        68.000000000000000      -0.95991498989270252       0.26347710956767872     
         115           0        -999        -999        -999 -0.31448137196570886       -1.6634969510918465     
         116           1   0.0000000000000000        73.000000000000000        64.000000000000000       -2.4954022889878105      -0.36322318537440329     
         117           1   0.0000000000000000        60.000000000000000        67.000000000000000        2.5491532316962320       0.21369975862867718     
         118           1   0.0000000000000000        60.000000000000000        61.000000000000000        2.7488208848841005        1.4810141600466173     
         119           1   0.0000000000000000        64.000000000000000        62.000000000000000       0.86370968840153528       0.79495476234828788     
         120           1   0.0000000000000000        63.000000000000000        63.000000000000000        1.4160952217883327        1.0164258615970245     
         121           1   0.0000000000000000        71.000000000000000        63.000000000000000       -2.1034637903831279      -0.47752289211928373     
         122           0        -999        -999        -999 -0.20249862488512752       0.87881231230942092     
         123           1   0.0000000000000000        72.000000000000000        65.000000000000000       -1.9404083692042837      -0.20627679864294571     
         124           1   0.0000000000000000        62.000000000000000        65.000000000000000       0.65439162909098525        3.0347709626984357E-002
         125           0        -999        -999        -999 -0.16200403312253833       -5.7696169357540794E-002
         126           1   0.0000000000000000        66.000000000000000        65.000000000000000       -8.0589341308419743E-002   6.1973568428274770E-002
         127           0        -999        -999        -999  -5.8541542505637948E-003 -0.78909471703125023     
         128           1   0.0000000000000000        73.000000000000000        61.000000000000000       -2.7387882897419713       0.68151760891698554     
         129           1   0.0000000000000000        65.000000000000000        66.000000000000000       0.90629323948081519      -0.90904199800193142     
         130           1   0.0000000000000000        65.000000000000000        64.000000000000000       0.49746310667906452       0.25664759527959452     
         131           0        -999        -999        -999  0.85152593905700202      -0.26200226582391700     
         132           0        -999        -999        -999  -7.3214391141871366E-002  0.50372429631314142     
         133           1   0.0000000000000000        68.000000000000000        69.000000000000000       -1.4431426901314441      -0.51498419363896886     
         134           1   0.0000000000000000        62.000000000000000        62.000000000000000        1.5940335488995543       0.98100401405231463     
         135           0        -999        -999        -999  0.84947533243866902       -1.0800571224942574     
         136           1   0.0000000000000000        80.000000000000000        74.000000000000000        2.9875861819489324E-002  -7.4101263034351246E-003
         137           1   1.0000000000000000        69.000000000000000        66.000000000000000       -1.1000474123913278      -0.82896898891375626     
         138           1   0.0000000000000000        68.000000000000000        66.000000000000000      -0.37147098187633126      -0.71962583506882738     
         139           1   0.0000000000000000        62.000000000000000        62.000000000000000       0.99889460550646603        1.5714818513669402     
         140           0        -999        -999        -999  0.13951529915836580        1.9925588605342222     
         141           1   0.0000000000000000        69.000000000000000        64.000000000000000       -2.1161778777052023      -0.42538110247925753     
         142           1   0.0000000000000000        62.000000000000000        67.000000000000000        3.0505773455128882        2.0566857446652036E-003
         143           1   1.0000000000000000        62.000000000000000        62.000000000000000        2.2433760175357511        1.1818642440118201     
         144           1   0.0000000000000000        61.000000000000000        63.000000000000000        1.9118420594586218       0.46423382319859630     
         145           1   0.0000000000000000        60.000000000000000        64.000000000000000        2.5274858483389182       0.45438323836720751     
         146           1   0.0000000000000000        70.000000000000000        64.000000000000000       -1.5914245198263841        1.2374647733668703E-002
         147           1   0.0000000000000000        69.000000000000000        69.000000000000000       -1.5056496360395613       -2.1469186740994988     
         148           1   0.0000000000000000        68.000000000000000        68.000000000000000       -1.1533143125295775       -1.0611062496562313     
         149           1   0.0000000000000000        60.000000000000000        65.000000000000000        2.4307554746691387      -0.60745403066731363     
         150           1   0.0000000000000000        71.000000000000000        65.000000000000000       -2.5165975553425257      -0.47298905658944146     
         151           1   0.0000000000000000        65.000000000000000        63.000000000000000       -4.5291129502553103E-002   2.6723388996871024E-002
         152           1   0.0000000000000000        62.000000000000000        62.000000000000000        1.7069091919808779        1.8414209484258899     
         153           1   0.0000000000000000        60.000000000000000        62.000000000000000        2.4897633185034742        1.6212798345573436     
         154           0        -999        -999        -999 -0.42620741653263772       -1.0744690480371095     
         155           1   0.0000000000000000        71.000000000000000        66.000000000000000       -2.2579855286149138       -1.2223969990937693     
         156           1   0.0000000000000000        72.000000000000000        66.000000000000000       -2.1447628838994826      -0.12222598550698965     
         157           0        -999        -999        -999  0.23423754062307686       -1.1355596385080267     
         158           0        -999        -999        -999  0.40144354800308030       -1.7209703678744888     
         159           0        -999        -999        -999 -0.23223805228798167      -0.19598235769181699     
         160           0        -999        -999        -999   1.0789460128419317       -1.2759845541093842     
         161           1   0.0000000000000000        62.000000000000000        62.000000000000000        2.0910400428644715        1.0975929082865130     
         162           1   0.0000000000000000        69.000000000000000        65.000000000000000       -1.7287198889920534      -0.98586060106159268     
         163           1   0.0000000000000000        65.000000000000000        62.000000000000000       0.91554866480620856        1.5814864165734617     
         164           1   0.0000000000000000        72.000000000000000        65.000000000000000       -2.1495860477908311      -0.41568796944588277     
         165           0        -999        -999        -999  0.14148363062348784      -0.40724865453758258     
         166           1   0.0000000000000000        63.000000000000000        64.000000000000000        2.2498711051659406        1.2256364374020909     
         167           1   0.0000000000000000        68.000000000000000        67.000000000000000       -1.1895766257651572      -0.93219323507815677     
         168           0        -999        -999        -999  0.21395292243236569      -0.64501346830113204     
         169           1   0.0000000000000000        70.000000000000000        65.000000000000000       -1.8165173147224027      -0.46960631680837350     
         170           1   0.0000000000000000        65.000000000000000        66.000000000000000        4.7040924383109910E-002  -1.0903504889338678     
         171           1   0.0000000000000000        64.000000000000000        63.000000000000000      -0.38915337292674634       0.42297473246563166     
         172           1   0.0000000000000000        62.000000000000000        69.000000000000000        1.2050400502552463       -2.0187793976947379     
         173           1   0.0000000000000000        70.000000000000000        65.000000000000000       -2.2750920782968289      -0.57736024717860923     
         174           1   0.0000000000000000        64.000000000000000        62.000000000000000        1.7760531232129284       0.81185345203722403     
         175           1   0.0000000000000000        64.000000000000000        64.000000000000000       0.25679654172939115       -7.7785660819596862E-003
         176           0        -999        -999        -999  0.25717232587718597      -0.83215377688848702     
         177           1   0.0000000000000000        64.000000000000000        67.000000000000000       -7.3522779916389118E-004  -2.9975846368848761E-002
         178           1   1.0000000000000000        62.000000000000000        62.000000000000000        2.3142966810153998       0.54784800545217716     
         179           1   0.0000000000000000        64.000000000000000        65.000000000000000       0.22236622461040789       -1.2895556335855813E-002
         180           1   0.0000000000000000        62.000000000000000        62.000000000000000        1.3962161755272759       0.96735064332059684     
         181           1   0.0000000000000000        64.000000000000000        68.000000000000000      -0.46018624615499121      -0.80704175917301857     
         182           1   0.0000000000000000        62.000000000000000        61.000000000000000       0.86134189605189670        1.7846980307929223     
         183           0        -999        -999        -999 -0.54802636559054307       -5.4210845192012129E-002
         184           0        -999        -999        -999 -0.27429039184583232      -0.29087844026861248     
         185           0        -999        -999        -999 -0.39976020882016561       0.59023358358111988     
         186           0        -999        -999        -999  0.13966227814977328        2.2781516675666880     
         187           1   0.0000000000000000        68.000000000000000        68.000000000000000       -1.7616026975815864       -1.5763209982359860     
         188           1   0.0000000000000000        65.000000000000000        66.000000000000000      -0.36334848856264018      -0.87768643077704678     
         189           0        -999        -999        -999 -0.15429829340242965       -3.3764787238452177E-003
         190           1   0.0000000000000000        60.000000000000000        64.000000000000000        2.5850728562000911        2.5380282157144860     
         191           1   0.0000000000000000        67.000000000000000        70.000000000000000      -0.64029319515113325       -2.1961371681161008     
         192           1   0.0000000000000000        62.000000000000000        66.000000000000000        2.3758352146128208      -0.94671725124065131     
         193           1   0.0000000000000000        64.000000000000000        62.000000000000000        1.2285277872711307        1.1842453004984927     
         194           1   0.0000000000000000        71.000000000000000        63.000000000000000       -2.0587507896137698       0.73604375868986027     
         195           1   0.0000000000000000        70.000000000000000        65.000000000000000       -1.7399734601985690      -0.89625576824899145     
         196           1   0.0000000000000000        64.000000000000000        59.000000000000000       -2.6255948329877200E-002   2.4064869524754995     
         197           1   1.0000000000000000        60.000000000000000        62.000000000000000        2.1391123642923304        1.9494546582841579     
         198           1   0.0000000000000000        66.000000000000000        66.000000000000000       -1.3752427368972999       -1.6978845668658666     
         199           0        -999        -999        -999 -0.55683974595773245       -1.4501632475012933     
         200           1   0.0000000000000000        60.000000000000000        65.000000000000000        2.2718863205986755       0.13939341619859005     
         201           1   0.0000000000000000        62.000000000000000        62.000000000000000        1.6021896639079269        1.2411747047905630     
         202           1   1.0000000000000000        69.000000000000000        65.000000000000000      -0.97582770200936975      -0.31901101795108872     
         203           1   0.0000000000000000        68.000000000000000        67.000000000000000       -1.3009297391232746      -0.98752481073006748     
         204           1   0.0000000000000000        62.000000000000000        61.000000000000000        1.7853159473234177        1.7827799246880225     
         205           0        -999        -999        -999   7.3054290049223619E-002   1.0718445382945416     
         206           1   0.0000000000000000        64.000000000000000        64.000000000000000       0.94095425784163778       0.58038615442600738     
         207           1   1.0000000000000000        63.000000000000000        65.000000000000000       0.82774580916109697       0.25828303838860356     
         208           1   1.0000000000000000        65.000000000000000        64.000000000000000       -9.0859120028964242E-003   5.2888478395442640E-002
         209           1   0.0000000000000000        61.000000000000000        62.000000000000000        1.7467352467547894        1.1803391612402072     
         210           1   0.0000000000000000        63.000000000000000        65.000000000000000       0.25786482583138992      -0.24459345806144817     
         211           1   0.0000000000000000        70.000000000000000        70.000000000000000       -1.6055560035461520       -2.2445370560511804     
         212           1   0.0000000000000000        69.000000000000000        65.000000000000000       -1.3655123205475479      -0.98989070920930911     
         213           1   0.0000000000000000        64.000000000000000        61.000000000000000        9.9507084715229330E-002   1.7586497994442203     
         214           1   0.0000000000000000        64.000000000000000        68.000000000000000       0.74409550983624950       -1.5925626009479321     
         215           1   0.0000000000000000        68.000000000000000        65.000000000000000       -1.6892197243653675       -1.0809912410964939     
         216           1   0.0000000000000000        70.000000000000000        65.000000000000000       -2.3013980730089814      -0.99090311157185629     
         217           1   1.0000000000000000        65.000000000000000        64.000000000000000       0.13628348139084678       0.13656580565289805     
         218           1   0.0000000000000000        60.000000000000000        63.000000000000000        2.3281315543690599        1.2650891935248298     
         219           1   0.0000000000000000        65.000000000000000        64.000000000000000      -0.61324522376236890        1.6882576571765862     
         220           1   1.0000000000000000        69.000000000000000        66.000000000000000       -2.1594413962212333      -0.46394713439166041     
         221           1   1.0000000000000000        62.000000000000000        62.000000000000000        2.0149923401404823       0.64900416681750728     
         222           1   0.0000000000000000        65.000000000000000        64.000000000000000      -0.32612879925454324       -2.3850934042484201E-002
         223           1   0.0000000000000000        63.000000000000000        62.000000000000000        1.2286993466325282        1.3136952802958006     
         224           1   0.0000000000000000        67.000000000000000        66.000000000000000       -1.1434803601978620      -0.81799016092927102     
         225           1   0.0000000000000000        63.000000000000000        63.000000000000000       0.29480771292740160       0.34562900682211412     
         226           0        -999        -999        -999   2.9533802834985537E-002 -0.28792190412070712     
         227           0        -999        -999        -999  0.29270360165029491       0.43913553264253319     
         228           1   0.0000000000000000        70.000000000000000        64.000000000000000      -0.67958548322888845       0.72173087075093179     
         229           1   0.0000000000000000        64.000000000000000        62.000000000000000       -2.9768192054419707E-002  0.14942388899806644     
         230           0        -999        -999        -999 -0.51944441536841657      -0.90493350631246305     
         231           1   0.0000000000000000        62.000000000000000        62.000000000000000       0.89182147121693778        1.3047316978520809     
         232           0        -999        -999        -999  -4.0211549045813942E-002 -0.43835909998981198     
         233           1   0.0000000000000000        64.000000000000000        66.000000000000000       0.71250254425830273       -1.2352092608339653     
         234           1   0.0000000000000000        64.000000000000000        65.000000000000000       0.46345021967767530       -2.6074592058880172E-002
         235           1   0.0000000000000000        69.000000000000000        69.000000000000000       -2.1547768085431853       -2.0869524779409487     
         236           1   0.0000000000000000        71.000000000000000        65.000000000000000       -2.5322850816351208       -1.0074940442310101     
         237           1   0.0000000000000000        58.000000000000000        62.000000000000000        2.1724495599944724        1.2463114948432916     
         238           1   1.0000000000000000        61.000000000000000        60.000000000000000        2.0801951749667058        2.1765595434162712     
         239           1   0.0000000000000000        56.000000000000000        65.000000000000000        2.4165553982479491       0.31956694274112596     
         240           1   0.0000000000000000        71.000000000000000        64.000000000000000       -2.5746791844820116      -0.38489282296012450     
         241           1   0.0000000000000000        70.000000000000000        63.000000000000000       -2.0595452069410554       -4.0767345316096819E-002
         242           0        -999        -999        -999  0.10399727887171252      -0.23775482941499176     
         243           0        -999        -999        -999 -0.38642279807177943        2.8519139884632744E-002
         244           1   0.0000000000000000        71.000000000000000        64.000000000000000       -2.1467882845262447      -0.49439721590369684     
         245           0        -999        -999        -999  -7.2213855932912810E-002   1.3369236365614188     
         246           0        -999        -999        -999 -0.81813067857103983       0.10184307293847736     
         247           1   0.0000000000000000        62.000000000000000        62.000000000000000        1.3347330412094269       0.75640906371431749     
         248           1   0.0000000000000000        62.000000000000000        62.000000000000000        2.5099363139805111       0.66740230727350436     
         249           1   0.0000000000000000        66.000000000000000        65.000000000000000       0.70318054612100767      -0.68559410095020634     
         250           1   1.0000000000000000        66.000000000000000        69.000000000000000      -0.58690402153539334       -1.0522261499682199     
         251           1   0.0000000000000000        61.000000000000000        61.000000000000000        2.1378453151006491        1.8804231660735757     
         252           1   0.0000000000000000        60.000000000000000        64.000000000000000        2.8107398436128341      -0.18512300396528480     
         253           1   1.0000000000000000        69.000000000000000        66.000000000000000       -1.2481842422680074      -0.23123010028240223     
         254           0        -999        -999        -999  -1.0384699250085447        1.0964802116390824     
         255           1   0.0000000000000000        73.000000000000000        62.000000000000000       -3.2765013000045284        1.0746015788016257     
         256           0        -999        -999        -999  -1.7325850357440834E-002  -2.6635839162194337     
         257           1   0.0000000000000000        62.000000000000000        62.000000000000000        1.0722312758175634        1.0606895201352666     
         258           1   0.0000000000000000        63.000000000000000        61.000000000000000        1.2766570224336038        1.3950442843612330     
         259           1   0.0000000000000000        67.000000000000000        64.000000000000000      -0.21591765990923673       0.67638761244600520     
         260           1   0.0000000000000000        72.000000000000000        66.000000000000000       -3.6600748998948500       -1.3666020185095322     
         261           1   0.0000000000000000        62.000000000000000        62.000000000000000       0.82227982353188978       0.50301425037000946     
         262           1   0.0000000000000000        62.000000000000000        65.000000000000000        1.4171795286885969      -0.67713292503048905     
         263           1   0.0000000000000000        62.000000000000000        60.000000000000000        1.8660789426167264        2.0054367589988820     
         264           1   0.0000000000000000        71.000000000000000        67.000000000000000       -1.3940370150672732       -1.2058806990078492     
         265           1   0.0000000000000000        61.000000000000000        63.000000000000000        2.0081143336302762        1.2302785016366007     
         266           1   0.0000000000000000        71.000000000000000        65.000000000000000       -2.7647269899594051      -0.85318782420398820     
         267           1   0.0000000000000000        62.000000000000000        60.000000000000000        2.0822316659100086        2.2518688671488967     
         268           1   1.0000000000000000        64.000000000000000        62.000000000000000      -0.27064513857608796        1.4130835372322530     
         269           1   0.0000000000000000        64.000000000000000        59.000000000000000        2.0889589572082983        2.4384554385688721     
         270           1   1.0000000000000000        62.000000000000000        63.000000000000000        2.2711343378006306       0.19618418531112872     
         271           1   0.0000000000000000        61.000000000000000        66.000000000000000        1.7974773897242624      -0.49307714577492556     
         272           0        -999        -999        -999  0.51980672537330541       0.31298354916040583     
         273           1   0.0000000000000000        63.000000000000000        67.000000000000000       0.67256401608009331      -0.42903784890464147     
         274           1   0.0000000000000000        72.000000000000000        68.000000000000000       0.62406438549187382       0.37825239469475447     
         275           1   0.0000000000000000        68.000000000000000        66.000000000000000      -0.77092140004161047      -0.45339186176330182     
         276           1   0.0000000000000000        60.000000000000000        64.000000000000000        1.2591422252337177       -2.7272405968605778E-002
         277           0        -999        -999        -999  0.38531858196265240       -2.7832006346043933E-002
         278           1   0.0000000000000000        71.000000000000000        67.000000000000000       -2.1637455453331014       -1.1392254820858003     
         279           1   0.0000000000000000        70.000000000000000        69.000000000000000       -2.1382082333385228       -2.1635101311483154     
         280           1   0.0000000000000000        72.000000000000000        65.000000000000000       -3.2768333286603557      -0.40008161940947040     
         281           1   0.0000000000000000        68.000000000000000        65.000000000000000      -0.89406268526123522      -0.32896894599532311     
         282           1   0.0000000000000000        60.000000000000000        62.000000000000000        2.4177827762880888        1.7640363926949405     
         283           1   0.0000000000000000        65.000000000000000        67.000000000000000       0.11748306399906214      -0.82986699117550644     
         284           1   1.0000000000000000        62.000000000000000        62.000000000000000        1.3848910124345861        1.7992710603402913     
         285           1   0.0000000000000000        62.000000000000000        62.000000000000000        1.7278867405872014        1.0786159076110819     
         286           1   0.0000000000000000        71.000000000000000        65.000000000000000       -2.0355721425972026      -0.86855392616637161     
         287           1   0.0000000000000000        71.000000000000000        66.000000000000000       -1.8179582655947399      -0.87914046223035969     
         288           1   0.0000000000000000        72.000000000000000        64.000000000000000       -2.7480191556562739      -0.19652702241744624     
         289           1   0.0000000000000000        63.000000000000000        64.000000000000000        1.6209000713523580       0.70361050618652721     
         290           0        -999        -999        -999 -0.59591136676412848      -0.98370860650633185     
         291           0        -999        -999        -999 -0.14770778439849466       -2.4152735559179748     
         292           1   0.0000000000000000        72.000000000000000        66.000000000000000       -2.7305569019350373      -0.76787683016378383     
         293           1   0.0000000000000000        70.000000000000000        65.000000000000000       -2.0671774218821075      -0.82705930102738789     
         294           1   1.0000000000000000        62.000000000000000        62.000000000000000        2.2279818345923528       0.41990433906225311     
         295           1   0.0000000000000000        70.000000000000000        63.000000000000000       -2.2378896744160950       0.67232020320092478     
         296           0        -999        -999        -999  0.28145090780013471      -0.20204969641381665     
         297           1   0.0000000000000000        67.000000000000000        68.000000000000000      -0.47524891994852303       -1.2020666714364712     
         298           1   0.0000000000000000        70.000000000000000        71.000000000000000       -2.7461452172901026      -0.39297716549141276     
         299           1   0.0000000000000000        70.000000000000000        64.000000000000000       -2.1838165752480569      -0.46144991285507686     
         300           1   0.0000000000000000        71.000000000000000        65.000000000000000       -1.7375519464373059      -0.16370106097549189     
         301           1   0.0000000000000000        62.000000000000000        63.000000000000000        2.1760249003011287        1.3543864334303910     
         302           1   0.0000000000000000        68.000000000000000        68.000000000000000       -1.8448166741287322       -1.0271746177878165     
         303           1   0.0000000000000000        68.000000000000000        65.000000000000000      -0.81286135678047922      -0.59540794788561546     
         304           1   0.0000000000000000        71.000000000000000        70.000000000000000       -2.2099266629541647       -1.8630251354046627     
         305           1   0.0000000000000000        62.000000000000000        64.000000000000000        1.2537345641652176       0.37857037540469607     
         306           1   0.0000000000000000        64.000000000000000        66.000000000000000       0.14490408324145740      -0.25041347400395192     
         307           0        -999        -999        -999 -0.46096832741654514        1.4119091412127176     
         308           1   0.0000000000000000        62.000000000000000        62.000000000000000        1.3814069806635842       0.77863522461877810     
         309           1   0.0000000000000000        66.000000000000000        67.000000000000000       -1.1703786313109249E-002 -0.90948768622803622     
         310           1   0.0000000000000000        67.000000000000000        67.000000000000000       -1.1890852172186472      -0.48255004465566415     
         311           1   0.0000000000000000        59.000000000000000        64.000000000000000        2.6322125580510805       0.59860416768930091     
         312           1   0.0000000000000000        62.000000000000000        63.000000000000000        2.0079910994086867       0.42539647741813857     
         313           1   0.0000000000000000        69.000000000000000        68.000000000000000       -1.1589845395111775       -1.1649728840425946     
         314           0        -999        -999        -999 -0.42269024155502294      -0.44182076096608630     
         315           1   0.0000000000000000        63.000000000000000        70.000000000000000       0.97061093019162714       -1.8151188650330465     
         316           1   0.0000000000000000        72.000000000000000        65.000000000000000       -1.5155814428685590      -0.52214264371376229     
         317           0        -999        -999        -999  0.16150597875386172      -0.82454625173106455     
         318           1   0.0000000000000000        63.000000000000000        65.000000000000000        6.5249317298779502E-002 -0.19422736606236771     
         319           1   0.0000000000000000        68.000000000000000        70.000000000000000      -0.67538479166071408       -1.9110009455380217     
         320           0        -999        -999        -999 -0.30014506343177033        2.9207439701197448     
         321           1   0.0000000000000000        61.000000000000000        63.000000000000000        1.9963579267068781        1.1690910439779176     
         322           0        -999        -999        -999  0.65354759607409862      -0.55700711575056794     
         323           0        -999        -999        -999  0.50596947468749587       -1.2389952629280359     
         324           1   0.0000000000000000        65.000000000000000        65.000000000000000       0.25711182142347128        6.3053558985259578E-002
         325           1   0.0000000000000000        68.000000000000000        66.000000000000000       -1.5405483649755385      -0.95407682826118712     
         326           0        -999        -999        -999  0.14845583089128417      -0.32972224024794772     
         327           1   0.0000000000000000        62.000000000000000        62.000000000000000        1.6863704940805246        1.0881302850470396     
         328           1   0.0000000000000000        71.000000000000000        61.000000000000000       -2.2297277443160932       0.91949068759057473     
         329           1   0.0000000000000000        65.000000000000000        61.000000000000000       0.20316231149800801       0.94872889328553511     
         330           1   0.0000000000000000        71.000000000000000        66.000000000000000       -2.5700131445355061      -0.28115398425195631     
         331           0        -999        -999        -999 -0.30728388200793383      -0.65359827491981126     
         332           1   0.0000000000000000        62.000000000000000        62.000000000000000        1.5257266048618752       0.40693062907956723     
         333           1   0.0000000000000000        63.000000000000000        63.000000000000000       0.47322198356469836       0.87234020110521837     
         334           1   0.0000000000000000        72.000000000000000        67.000000000000000       -3.0942617830531782       -1.3088436524310489     
         335           1   0.0000000000000000        67.000000000000000        67.000000000000000      -0.76281061012629880       -1.1990197545594161     
         336           0        -999        -999        -999   1.3251230867867942       0.22697515624421244     
         337           1   1.0000000000000000        69.000000000000000        64.000000000000000      -0.21598124158225182       0.20539694937547726     
         338           0        -999        -999        -999  -2.5042942443668164      -0.16220110045706321     
         339           1   0.0000000000000000        61.000000000000000        61.000000000000000        2.3634070522679882        1.0044459065833808     
         340           1   0.0000000000000000        67.000000000000000        62.000000000000000      -0.48818228131718094       0.95072723244447543     
         341           1   0.0000000000000000        71.000000000000000        67.000000000000000       -3.4269233852998586       -2.0047627756376381     
         342           1   0.0000000000000000        72.000000000000000        67.000000000000000       -2.3886083355647667      -0.70672083236855687     
         343           1   0.0000000000000000        61.000000000000000        65.000000000000000        1.6619051046338171       0.10271550968615360     
         344           1   0.0000000000000000        67.000000000000000        62.000000000000000       0.38158238847203679       0.72533567284395450     
         345           0        -999        -999        -999   1.9277210612206934       0.42850696816371703     
         346           1   0.0000000000000000        71.000000000000000        66.000000000000000       -2.6151592861781618      -0.96497345164580361     
         347           1   1.0000000000000000        67.000000000000000        68.000000000000000       -1.7143006562465901       -1.2180803634702559     
         348           0        -999        -999        -999  -1.5226878258762937       0.14584568411127080     
         349           1   0.0000000000000000        62.000000000000000        63.000000000000000        1.1066885194252194       0.15140940480913934     
         350           1   0.0000000000000000        64.000000000000000        67.000000000000000      -0.24091481119815747      -0.88992990418084450     
         351           1   1.0000000000000000        62.000000000000000        62.000000000000000        1.1904692894705127       0.84471435969355313     
         352           0        -999        -999        -999   1.6336986023686755        4.0454346594218850E-002
         353           1   0.0000000000000000        67.000000000000000        64.000000000000000       -5.4393583760009336E-002  0.19031982509251480     
         354           1   0.0000000000000000        69.000000000000000        65.000000000000000       -1.5189406085563233      -0.12475026303233429     
         355           1   0.0000000000000000        62.000000000000000        62.000000000000000        1.4245472116332065       0.67066045700525789     
         356           1   0.0000000000000000        71.000000000000000        65.000000000000000       -2.2822298940204750      -0.69315570431039175     
         357           1   0.0000000000000000        68.000000000000000        62.000000000000000      -0.97251965431208154        1.1991030836758645     
         358           1   0.0000000000000000        74.000000000000000        68.000000000000000       -2.5021839587696801       -1.1006570047645117     
         359           0        -999        -999        -999 -0.71076015627627465       -6.2913993991353723E-002
         360           1   0.0000000000000000        69.000000000000000        62.000000000000000       -1.2613375185307769      -0.13511303013957612     
         361           1   0.0000000000000000        71.000000000000000        62.000000000000000       -2.6254522660401651       0.66880923563714589     
         362           1   0.0000000000000000        62.000000000000000        62.000000000000000        1.6042977787130681       0.84633423554771869     
         363           0        -999        -999        -999   2.8676040235369329       -3.1087805603493317E-002
         364           0        -999        -999        -999  -1.4258885337302507       0.43475315912511270     
         365           1   0.0000000000000000        68.000000000000000        66.000000000000000       -1.5872861546247390      -0.60227212111830597     
         366           0        -999        -999        -999   1.4383680510036569       0.19756698846488441     
         367           1   0.0000000000000000        69.000000000000000        63.000000000000000       -1.3365793571964102       0.58596992444939910     
         368           1   0.0000000000000000        72.000000000000000        68.000000000000000       -3.1147395511884413       -1.5234336707478489     
         369           0        -999        -999        -999  0.98178770100106372      -0.33927046252224913     
         370           1   0.0000000000000000        71.000000000000000        66.000000000000000       -2.7638455590521125      -0.79121044830617526     
         371           1   0.0000000000000000        62.000000000000000        69.000000000000000        1.1019020098549430       -1.6942358481781141     
         372           0        -999        -999        -999   1.8119909676465162       -2.3817184702557857E-002
         373           1   0.0000000000000000        66.000000000000000        67.000000000000000      -0.69420786859812522      -0.97079957824744367     
         374           1   0.0000000000000000        62.000000000000000        63.000000000000000        1.7197324492233534       0.64052888681459930     
         375           1   0.0000000000000000        65.000000000000000        69.000000000000000       0.13094630034327792       -1.4453083447562463     
         376           1   0.0000000000000000        67.000000000000000        68.000000000000000       0.64338892507876555      -0.38720292210680896     
         377           1   0.0000000000000000        64.000000000000000        64.000000000000000       0.12383026747844260      -0.35604075041600036     
         378           1   0.0000000000000000        61.000000000000000        64.000000000000000        2.7571111071945005        9.3600676098823360E-002
         379           1   0.0000000000000000        67.000000000000000        68.000000000000000      -0.69904740803234122       -1.4881105623219368     
         380           1   1.0000000000000000        63.000000000000000        63.000000000000000       0.83249529214406470       0.77902719621703997     
         381           1   0.0000000000000000        70.000000000000000        64.000000000000000       -1.3867382773981742       -8.6579938522051494E-003
         382           1   0.0000000000000000        69.000000000000000        63.000000000000000       -1.2235994171476330       0.69985571319666107     
         383           1   0.0000000000000000        64.000000000000000        61.000000000000000        1.0587372836078517        1.7100138010396415     
         384           1   0.0000000000000000        71.000000000000000        65.000000000000000       -2.6986765668934627      -0.68341908709379029     
         385           1   0.0000000000000000        70.000000000000000        68.000000000000000       -2.0722960908287060       -1.4792104197755498     
         386           0        -999        -999        -999   1.4840745803830939       0.11653793526230530     
         387           0        -999        -999        -999   1.2214035609986780      -0.24493137561415262     
         388           1   0.0000000000000000        64.000000000000000        62.000000000000000        1.0511272075276525        1.2064719683826894     
         389           0        -999        -999        -999   2.3127080394312798       0.23074371735510915     
         390           1   0.0000000000000000        66.000000000000000        65.000000000000000      -0.21355248179393510      -0.40047778712621596     
         391           0        -999        -999        -999 -0.87880408555572498       0.44157570577541100     
         392           1   0.0000000000000000        59.000000000000000        65.000000000000000        3.2437853231591736      -0.46659342793560837     
         393           1   1.0000000000000000        71.000000000000000        66.000000000000000       -2.1641378183551687      -0.51207789001085269     
         394           1   0.0000000000000000        64.000000000000000        63.000000000000000       -5.8921531093774460E-002  0.80047161143153078     
         395           1   0.0000000000000000        65.000000000000000        65.000000000000000       -6.7608927178624934E-002 -0.33044406317146341     
         396           1   0.0000000000000000        57.000000000000000        62.000000000000000        4.1105799259861087        1.0831784590125497     
         397           0        -999        -999        -999  0.36881317153472765      -0.12483960265459569     
         398           1   0.0000000000000000        62.000000000000000        63.000000000000000        1.5751877309297595       0.84412846666498820     
         399           1   0.0000000000000000        58.000000000000000        64.000000000000000        3.7460019142794163       0.56624434532826240     
         400           1   0.0000000000000000        67.000000000000000        68.000000000000000      -0.44556684015437953       -5.9188784006221767E-002
         401           1   0.0000000000000000        70.000000000000000        64.000000000000000       -2.2491318371875058        2.1122680546749885E-003
         402           1   0.0000000000000000        67.000000000000000        62.000000000000000       -1.2075661487143123       0.42036197385990709     
         403           1   0.0000000000000000        72.000000000000000        66.000000000000000       -2.6598355289333622       -1.0383755394314300     
         404           1   1.0000000000000000        65.000000000000000        64.000000000000000      -0.16544835675262212       0.26181226974842192     
         405           1   0.0000000000000000        62.000000000000000        62.000000000000000        1.6847807664310326        1.1655363560648131     
         406           0        -999        -999        -999  0.51781909182754637      -0.66860338407283693     
         407           0        -999        -999        -999  -1.8757111989190685       -8.3082875785962476E-002
         408           1   0.0000000000000000        67.000000000000000        64.000000000000000       -1.3632680491399822      -0.46941311963068438     
         409           1   0.0000000000000000        62.000000000000000        65.000000000000000        1.9334213161425819      -0.17439756485261931     
         410           1   0.0000000000000000        62.000000000000000        63.000000000000000        1.9673359018047176        1.0184021814771542     
         411           0        -999        -999        -999 -0.73512710975989348       0.14363512634735248     
         412           1   0.0000000000000000        72.000000000000000        68.000000000000000       -3.2304321860255705       -1.5665071158573109     
         413           1   1.0000000000000000        68.000000000000000        64.000000000000000      -0.70788154890408361      -0.21354839104490358     
         414           1   0.0000000000000000        71.000000000000000        72.000000000000000       -2.9600182531581107      -0.33774978599364708     
         415           1   0.0000000000000000        65.000000000000000        66.000000000000000       -6.8092375283913181E-002 -0.34408094830561259     
         416           1   0.0000000000000000        59.000000000000000        65.000000000000000        2.2708134043811321      -0.11451864687701077     
         417           0        -999        -999        -999 -0.76433615758290430        1.7784817149342009E-002
         418           0        -999        -999        -999  0.43915347579280917       0.12575750104872990     
         419           1   0.0000000000000000        71.000000000000000        67.000000000000000       -2.2285283439529677       -1.1488949255187175     
         420           1   0.0000000000000000        70.000000000000000        64.000000000000000       -2.8218476285287259      -0.41062107677435400     
         421           1   0.0000000000000000        68.000000000000000        62.000000000000000      -0.26490386109643949        1.0864407889927932     
         422           0        -999        -999        -999 -0.77943404258405447       0.34554851055120528     
         423           1   0.0000000000000000        62.000000000000000        62.000000000000000        1.6441401552828783       0.69521552532778419     
         424           1   0.0000000000000000        71.000000000000000        64.000000000000000       -2.0968955318046092        7.6258434998283220E-002
         425           1   0.0000000000000000        66.000000000000000        67.000000000000000      -0.21814092130977886      -0.98331225085231622     
         426           1   0.0000000000000000        72.000000000000000        66.000000000000000       -2.6782212358954158       -1.3925176204206648     
         427           1   0.0000000000000000        72.000000000000000        64.000000000000000       -2.5909056086909885      -0.36337506860915991     
         428           1   0.0000000000000000        69.000000000000000        67.000000000000000       -1.4013567305680850       -1.2153893652867667     
         429           1   0.0000000000000000        73.000000000000000        69.000000000000000       -1.9816413340402923       -1.0620503815219946     
         430           0        -999        -999        -999   1.6685704298620285      -0.52188508395263977     
         431           0        -999        -999        -999  0.53652899658126829      -0.30896070256326780     
         432           1   0.0000000000000000        62.000000000000000        62.000000000000000        1.7885372912170956       0.86741332378475777     
         433           1   0.0000000000000000        69.000000000000000        68.000000000000000      -0.42713755556476152      -0.68215180791425045     
         434           1   0.0000000000000000        72.000000000000000        63.000000000000000       -3.0548160160061197       0.27126415575944984     
         435           0        -999        -999        -999  -2.6858121861500068      -0.37221025292120891     
         436           1   1.0000000000000000        64.000000000000000        62.000000000000000        4.5115533825571728E-002  0.41881274633708315     
         437           1   0.0000000000000000        66.000000000000000        65.000000000000000      -0.49334433368710967        7.8192659769001735E-002
         438           1   0.0000000000000000        62.000000000000000        64.000000000000000        1.1935102604096817        1.8435531529001837E-002
         439           1   0.0000000000000000        62.000000000000000        62.000000000000000        1.8404967156652494        1.3631693858517955     
         440           1   0.0000000000000000        68.000000000000000        65.000000000000000      -0.59914168521645206      -0.54826545093871926     
         441           1   0.0000000000000000        61.000000000000000        64.000000000000000        2.3948261917897837       0.11694194878782559     
         442           1   1.0000000000000000        70.000000000000000        67.000000000000000       -2.0336888879600097      -0.42988072413059414     
         443           0        -999        -999        -999  -2.7578191302544321       0.12531405688018374     
         444           0        -999        -999        -999  -1.4023018949916100      -0.32661099025082740     
         445           0        -999        -999        -999   1.5124446836542758       0.11317365071981010     
         446           1   1.0000000000000000        66.000000000000000        65.000000000000000      -0.16054500407842431       0.15234117379533013     
         447           1   0.0000000000000000        65.000000000000000        66.000000000000000      -0.24114320511206411      -0.36873080719646806     
         448           1   0.0000000000000000        62.000000000000000        64.000000000000000        1.7043012065296284       0.16914994226035740     
         449           1   0.0000000000000000        61.000000000000000        64.000000000000000        2.0781459758794663       0.51272809072026493     
         450           0        -999        -999        -999 -0.73934528211678940        9.7781549344278684E-002
         451           0        -999        -999        -999  -2.7533788130329793      -0.17395368558469415     
         452           1   0.0000000000000000        62.000000000000000        63.000000000000000        1.3699706131424676       0.67365692457881099     
         453           1   0.0000000000000000        68.000000000000000        64.000000000000000       -1.5268905814723934       0.10303736442854880     
         454           1   0.0000000000000000        67.000000000000000        65.000000000000000      -0.86159346945003468      -0.27379499381610001     
         455           1   0.0000000000000000        73.000000000000000        67.000000000000000       -2.9217923886897443       -1.4116102245232238     
         456           1   0.0000000000000000        69.000000000000000        65.000000000000000      -0.93619985499811831      -0.43721001762239786     
         457           1   0.0000000000000000        60.000000000000000        62.000000000000000        2.5255260864110580        1.6755038220590313     
         458           0        -999        -999        -999  -2.3874312029388070      -0.34564067767598899     
         459           0        -999        -999        -999  -1.7808241836918348       0.10758576356706916     
         460           1   0.0000000000000000        71.000000000000000        66.000000000000000       -2.7261186725613009      -0.90953201309450560     
         461           1   0.0000000000000000        71.000000000000000        65.000000000000000       -2.7088240693178962      -0.17745986505805814     
         462           1   0.0000000000000000        73.000000000000000        67.000000000000000       -3.6950432802234174       -1.0152132522542621     
         463           1   0.0000000000000000        66.000000000000000        65.000000000000000      -0.41243033596756495      -0.48408037986122127     
         464           1   0.0000000000000000        62.000000000000000        65.000000000000000        1.4261583873661723       0.45314825620463112     
         465           1   0.0000000000000000        64.000000000000000        66.000000000000000        1.0938340337017651       0.43895277305427854     
         466           1   0.0000000000000000        70.000000000000000        64.000000000000000       -1.4768069156705235       0.72611139335459141     
         467           0        -999        -999        -999  0.63457695933240321      -0.50378644708529874     
         468           1   0.0000000000000000        64.000000000000000        62.000000000000000       0.12370520333644029       0.91162641659236465     
         469           0        -999        -999        -999   1.7570213944600130       0.68816444506264873     
         470           0        -999        -999        -999   3.8212676186408584E-002  -5.5790726766372652E-002
         471           0        -999        -999        -999   1.5390431222194376       0.58652011103156587     
         472           1   0.0000000000000000        62.000000000000000        63.000000000000000        1.1022069788153237       0.13106154342336795     
         473           1   0.0000000000000000        69.000000000000000        65.000000000000000       0.13371536929049799        7.9335120163108938E-003
         474           1   0.0000000000000000        59.000000000000000        64.000000000000000        3.1240702108201894       0.25708860736107364     
         475           1   0.0000000000000000        62.000000000000000        62.000000000000000        1.2393505695925255       0.65478448426476576     
         476           1   0.0000000000000000        68.000000000000000        66.000000000000000       -1.5740530910196427E-003 -0.13543821778574774     
         477           1   0.0000000000000000        62.000000000000000        64.000000000000000        3.8042564789555011        1.2013311503114557     
         478           1   0.0000000000000000        67.000000000000000        66.000000000000000      -0.10244763197105533      -0.21245446452298034     
         479           1   0.0000000000000000        61.000000000000000        64.000000000000000        1.8208532440442147       0.60142290418268007     
         480           0        -999        -999        -999   1.5040224544657852       0.13164395190181910     
         481           0        -999        -999        -999  -2.7968941547352659      -0.85236633146722329     
         482           1   0.0000000000000000        65.000000000000000        64.000000000000000      -0.27004777098249116      -0.44094300573513645     
         483           0        -999        -999        -999 -0.85073006321535294       0.13520323877849083     
         484           1   0.0000000000000000        72.000000000000000        62.000000000000000       -3.2980974479693823       0.56537230758185919     
         485           1   0.0000000000000000        61.000000000000000        63.000000000000000        2.7226201974530087       0.17964529638630300     
         486           0        -999        -999        -999  -2.7306634613897747      -0.24448934395272601     
         487           1   0.0000000000000000        65.000000000000000        65.000000000000000      -0.14177869419209757       -5.4358831877793404E-002
         488           1   0.0000000000000000        62.000000000000000        63.000000000000000        2.0056446512477728       0.68545266858796494     
         489           0        -999        -999        -999  -3.0094752622716441       0.23508133648201049     
         490           0        -999        -999        -999  -1.1670389824904119       0.37951330019216378     
         491           1   0.0000000000000000        60.000000000000000        62.000000000000000        2.1756246440711813        1.6249513071734294     
         492           0        -999        -999        -999  -2.6124597570293111      -0.31916068840608230     
         493           1   0.0000000000000000        65.000000000000000        64.000000000000000        7.7926282451545814E-002  0.33950767774210194     
         494           0        -999        -999        -999  -2.8759064991498371        9.3021308227575136E-002
         495           1   0.0000000000000000        62.000000000000000        64.000000000000000        1.4285274634924312       0.87044053471990612     
         496           1   0.0000000000000000        69.000000000000000        64.000000000000000       -1.8802751942541862       -1.0624299314840990E-002
         497           1   0.0000000000000000        58.000000000000000        63.000000000000000        3.8132047989902587        1.3488147579597147     
         498           1   0.0000000000000000        65.000000000000000        62.000000000000000      -0.19654364087500917       0.39510699564706625     
         499           1   0.0000000000000000        59.000000000000000        65.000000000000000        2.6476701577820045       0.12591255564078938     
         500           1   0.0000000000000000        69.000000000000000        67.000000000000000       -1.0915673777957871      -0.62095159435504887     
         501           1   0.0000000000000000        72.000000000000000        65.000000000000000       -2.7111483776599590      -0.40626074508647875     
         502           1   0.0000000000000000        66.000000000000000        64.000000000000000      -0.15738679383083251       0.17066826073970431     
         503           1   0.0000000000000000        70.000000000000000        61.000000000000000       -1.8967546502824268       0.34587170597838290     
         504           0        -999        -999        -999 -0.67802945926407432       0.16738269787062204     
         505           1   0.0000000000000000        62.000000000000000        66.000000000000000        1.2514736071646728      -0.30055814652896212     
         506           0        -999        -999        -999 -0.74071370828910121        6.6742577779458370E-002
         507           1   0.0000000000000000        66.000000000000000        68.000000000000000      -0.21719829196526447       -1.3286124225650355     
         508           1   0.0000000000000000        66.000000000000000        65.000000000000000      -0.31214744663490374      -0.34352503033699544     
         509           1   0.0000000000000000        55.000000000000000        63.000000000000000        4.8779060293744561        1.0923833269463974     
         510           1   1.0000000000000000        63.000000000000000        63.000000000000000        1.0161840403742675       0.38300752457060550     
         511           1   0.0000000000000000        73.000000000000000        64.000000000000000       -3.0151338654349771       0.12494165655456944     
         512           1   1.0000000000000000        63.000000000000000        65.000000000000000       0.65372502990725190       -2.1603179656960306E-002
         513           1   0.0000000000000000        67.000000000000000        66.000000000000000      -0.80546652570842003       -1.1259421620207244     
         514           1   0.0000000000000000        65.000000000000000        64.000000000000000       0.40524251451992505       0.33062300949404205     
         515           1   0.0000000000000000        70.000000000000000        66.000000000000000       -2.1743016026579820      -0.74650750625361439     
         516           1   0.0000000000000000        62.000000000000000        62.000000000000000        1.0211736254578609        1.0494845800349770     
         517           1   0.0000000000000000        65.000000000000000        61.000000000000000      -0.22798463262853974        1.7771831698421727     
         518           1   0.0000000000000000        62.000000000000000        63.000000000000000        1.7260664641299506       0.74405564891259535     
         519           1   0.0000000000000000        62.000000000000000        62.000000000000000       0.59211732281256535       0.56405153690337850     
         520           1   0.0000000000000000        63.000000000000000        64.000000000000000       0.31698616849714240       -9.9340601613127216E-003
         521           1   0.0000000000000000        61.000000000000000        65.000000000000000        2.1566753935363359       0.67404343800885647     
         522           1   0.0000000000000000        63.000000000000000        62.000000000000000       0.60859036169347025       0.81534735815612214     
         523           1   0.0000000000000000        59.000000000000000        62.000000000000000        2.8470289506769570       0.76427669793483022     
         524           1   1.0000000000000000        68.000000000000000        65.000000000000000      -0.94681236943621105      -0.32960432424291569     
         525           1   0.0000000000000000        71.000000000000000        64.000000000000000       -2.9018343932684729      -0.22147435723630512     
         526           1   0.0000000000000000        62.000000000000000        62.000000000000000       0.52971608899734268       0.75428515393238660     
         527           0        -999        -999        -999  -2.8139568592502440        4.7505866739749922E-002
         528           0        -999        -999        -999  -2.5764818311462307       0.41117102949340373     
         529           1   0.0000000000000000        69.000000000000000        64.000000000000000       -1.4530090900541510       0.33400840464751391     
         530           1   0.0000000000000000        70.000000000000000        63.000000000000000       -2.4234568300536750        6.8051854821188335E-002
         531           0        -999        -999        -999   1.9242204520507735       0.14611256360965016     
         532           1   0.0000000000000000        62.000000000000000        64.000000000000000        1.8392714880085093       0.46072740110316768     
         533           1   0.0000000000000000        60.000000000000000        61.000000000000000        3.0131973105173455       0.86421267875412611     
         534           1   0.0000000000000000        67.000000000000000        65.000000000000000       -1.1675642017477836      -0.27375166094900227     
         535           1   0.0000000000000000        62.000000000000000        64.000000000000000        1.0998015492890627      -0.63870056320562274     
         536           1   0.0000000000000000        64.000000000000000        62.000000000000000       0.11619988267376584        1.3163521417763744     
         537           1   0.0000000000000000        68.000000000000000        67.000000000000000       -1.0761670899304616      -0.27875903803916113     
         538           0        -999        -999        -999  -3.0217967867221831        4.9986528173398395E-002
         539           1   0.0000000000000000        68.000000000000000        62.000000000000000       -1.5075478545083967       0.22689429296943203     
         540           0        -999        -999        -999 -0.87518129460790162      -0.41850689216068820     
         541           0        -999        -999        -999  -2.6958412408463590       0.37141404648055448     
         542           0        -999        -999        -999   1.8548037641713868       -7.1082094720844188E-002
         543           1   0.0000000000000000        65.000000000000000        65.000000000000000      -0.13782272352216118       0.27012331908689841     
         544           1   0.0000000000000000        60.000000000000000        62.000000000000000        2.7174695749002233       0.48666900889086678     
         545           1   0.0000000000000000        62.000000000000000        62.000000000000000        1.7152858145407950       0.73976780589381785     
         546           1   0.0000000000000000        67.000000000000000        62.000000000000000      -0.37896556517321428       0.50471636018442423     
         547           1   0.0000000000000000        58.000000000000000        68.000000000000000        2.7815022487903684      -0.68038069983930771     
         548           1   0.0000000000000000        69.000000000000000        68.000000000000000       -1.1961115980510422       -1.1011090347561099     
         549           0        -999        -999        -999   1.4777234340256142       -8.8284269131609569E-002
         550           1   0.0000000000000000        67.000000000000000        67.000000000000000      -0.68094518562731599      -0.73835821179380390     
         551           0        -999        -999        -999  -3.4837278744335101      -0.14620319541326213     
         552           1   0.0000000000000000        68.000000000000000        66.000000000000000       -1.4455783266597981      -0.86140444686850715     
         553           1   0.0000000000000000        60.000000000000000        63.000000000000000        2.5792909531632455       0.77477235210813622     
         554           1   0.0000000000000000        71.000000000000000        67.000000000000000       -2.6303005859093798      -0.89322187093432792     
         555           1   0.0000000000000000        72.000000000000000        62.000000000000000       -2.9780728361895115       0.67578422752466782     
         556           1   0.0000000000000000        67.000000000000000        66.000000000000000      -0.25769783831838738      -0.48414035701529939     
         557           1   0.0000000000000000        69.000000000000000        64.000000000000000       -1.2281885327682496       0.26032153518870493     
         558           1   0.0000000000000000        59.000000000000000        63.000000000000000        2.8307078152572602       0.84748544657316416     
         559           1   0.0000000000000000        60.000000000000000        63.000000000000000        1.0843821446569122       0.76319847243128836     
         560           1   0.0000000000000000        62.000000000000000        62.000000000000000       0.97201268861548717        1.3774477679488824     
         561           1   0.0000000000000000        72.000000000000000        66.000000000000000       -2.7722182522856809      -0.47747564033046380     
         562           1   0.0000000000000000        57.000000000000000        62.000000000000000        4.4401299968071539        1.4147906862517596     
         563           1   0.0000000000000000        70.000000000000000        63.000000000000000       -2.2575215119382492       0.34193528095020681     
         564           1   0.0000000000000000        64.000000000000000        65.000000000000000       0.33532350110349585      -0.39715375981209761     
         565           1   0.0000000000000000        62.000000000000000        64.000000000000000        2.0987234556685705       -6.1093045274174293E-002
         566           1   0.0000000000000000        72.000000000000000        68.000000000000000       -2.4785062664992363       -1.7306937690442152     
         567           1   0.0000000000000000        72.000000000000000        60.000000000000000       -2.4876951855903537        1.0318992989883822     
         568           0        -999        -999        -999 -0.76783338187421479      -0.78088049092659562     
         569           0        -999        -999        -999 -0.72549692274048627      -0.40317402171181338     
         570           1   0.0000000000000000        71.000000000000000        67.000000000000000       -2.7595146703508506       -1.4979668392628684     
         571           1   0.0000000000000000        60.000000000000000        64.000000000000000        2.4616599659046372        4.7028399379138240E-002
         572           1   0.0000000000000000        61.000000000000000        67.000000000000000        1.8687699995401572       -1.2076523046474490     
         573           1   0.0000000000000000        69.000000000000000        64.000000000000000       -1.5041714589843265       -9.7590671956977543E-002
         574           1   0.0000000000000000        56.000000000000000        62.000000000000000        4.3320265146380015       0.91419769005821128     
         575           1   0.0000000000000000        65.000000000000000        63.000000000000000        5.6238274950469520E-002   1.0230778413493988     
         576           1   1.0000000000000000        62.000000000000000        62.000000000000000        1.1620791954554179        1.5743026105101359     
         577           1   1.0000000000000000        64.000000000000000        63.000000000000000       0.91011420270569787       0.82315690052124557     
         578           1   0.0000000000000000        59.000000000000000        64.000000000000000        3.0035735901706344       0.63012011846746185     
         579           1   0.0000000000000000        64.000000000000000        62.000000000000000        1.1155815349740767        1.2285685952947805     
         580           1   0.0000000000000000        66.000000000000000        66.000000000000000       0.19886018439155403        2.8977588126698994E-002
         581           0        -999        -999        -999 -0.73448808943011112      -0.41581698671606732     
         582           1   0.0000000000000000        64.000000000000000        64.000000000000000       0.32637780950308559      -0.19646687105304611     
         583           1   0.0000000000000000        73.000000000000000        61.000000000000000       -2.9751777161709381        1.4009737012040835     
         584           0        -999        -999        -999  0.70571337528755440      -0.18364281196825702     
         585           1   0.0000000000000000        63.000000000000000        64.000000000000000       0.76188689204498072      -0.32204995926304231     
         586           1   0.0000000000000000        72.000000000000000        62.000000000000000       -2.7639038893468406       0.68397852144200910     
         587           1   0.0000000000000000        69.000000000000000        65.000000000000000      -0.90553660871919772       -3.7362748223067774E-002
         588           1   0.0000000000000000        66.000000000000000        68.000000000000000      -0.75560980240080911       -2.1766665325218657     
         589           1   0.0000000000000000        66.000000000000000        63.000000000000000      -0.45992453008606499      -0.42740504204850416     
         590           1   0.0000000000000000        67.000000000000000        69.000000000000000       -1.2781415758554271       -2.0933710611149472     
         591           0        -999        -999        -999   2.1384227246242200        1.0578679879961204     
         592           1   0.0000000000000000        68.000000000000000        64.000000000000000       -1.3396494716972354      -0.30265153366107717     
         593           1   0.0000000000000000        71.000000000000000        68.000000000000000       -1.7493092312996559       -1.1448383390368992     
         594           0        -999        -999        -999 -0.32057385523773002       0.96610907134056689     
         595           1   0.0000000000000000        62.000000000000000        62.000000000000000        1.0116040864966369       0.83811435123068945     
         596           1   0.0000000000000000        71.000000000000000        67.000000000000000       -3.1813978278778556       -1.6248648153967828     
         597           1   0.0000000000000000        62.000000000000000        62.000000000000000        1.5302925448568485        1.0492314646665619     
         598           0        -999        -999        -999  0.14265862661931636       0.29881071058451886     
         599           0        -999        -999        -999 -0.76342687667561382      -0.26883986825698331     
         600           1   0.0000000000000000        71.000000000000000        68.000000000000000       -3.2159466572471866       -1.8901597817293532     
         601           0        -999        -999        -999 -0.20288761354679888      -0.27957962598225855     
         602           1   0.0000000000000000        67.000000000000000        66.000000000000000      -0.64561739324387191      -0.64431693377730292     
         603           1   0.0000000000000000        60.000000000000000        64.000000000000000        2.5367668707611046        1.1812198082666741E-002
         604           1   0.0000000000000000        67.000000000000000        64.000000000000000      -0.38703573174603501       0.31354759746906447     
