           1           1   0.0000000000000000        71.000000000000000        65.000000000000000       -2.0156176818289411      -0.74872031463351618     
           2           1   0.0000000000000000        70.000000000000000        68.000000000000000       -1.5251709279526640       -1.2612994341589403     
           3           1   0.0000000000000000        62.000000000000000        69.000000000000000       0.22760412064470589       -2.2570300170388142     
           4           0        -999        -999        -999  0.49661909594636605        1.2695571665099130     
           5           1   0.0000000000000000        61.000000000000000        62.000000000000000        1.9330599615842530       0.55126902449978366     
           6           1   0.0000000000000000        72.000000000000000        63.000000000000000       -2.5630382897677459      -0.72284376101055936     
           7           0        -999        -999        -999 -0.16250895576627897      -0.63796852689820416     
           8           1   0.0000000000000000        69.000000000000000        60.000000000000000       -1.3268850902358822        1.3809818103321683     
           9           1   0.0000000000000000        67.000000000000000        65.000000000000000      -0.34085259784651717      -0.27886323815853908     
          10           0        -999        -999        -999  0.37598685776506335       0.33523376951354367     
          11           1   0.0000000000000000        62.000000000000000        63.000000000000000        1.9000010371716132       0.19907021255279667     
          12           1   0.0000000000000000        64.000000000000000        67.000000000000000        6.0404489884021632E-002 -0.43598659337860518     
          13           1   0.0000000000000000        70.000000000000000        66.000000000000000       -2.9928334651461133       -1.8710044239455059     
          14           1   0.0000000000000000        70.000000000000000        67.000000000000000       -1.5677638412414832      -0.44808707768564565     
          15           1   0.0000000000000000        62.000000000000000        62.000000000000000        2.5600265051628628        1.4703943538605397     
          16           1   0.0000000000000000        68.000000000000000        65.000000000000000       -1.2608643714769026       0.15151145447812062     
          17           1   0.0000000000000000        62.000000000000000        65.000000000000000        2.3785473380452222      -0.49437135599614623     
          18           1   0.0000000000000000        62.000000000000000        62.000000000000000        1.8485481453851511       0.73496290936775865     
          19           0        -999        -999        -999 -0.44484991364951804      -0.18153104192364197     
          20           1   0.0000000000000000        60.000000000000000        62.000000000000000       0.78481253980338694        1.2955399979271545     
          21           1   0.0000000000000000        62.000000000000000        58.000000000000000        1.3091102862439472        1.5625404541729577     
          22           1   0.0000000000000000        72.000000000000000        64.000000000000000       -2.1879386183817466       0.39645546592740671     
          23           1   0.0000000000000000        63.000000000000000        62.000000000000000       0.55910771650481861        1.1016713779910492     
          24           1   0.0000000000000000        70.000000000000000        65.000000000000000       -2.5799546212412610      -0.79998821629906058     
          25           0        -999        -999        -999 -0.43517284421567920      -0.97257044514249724     
          26           1   0.0000000000000000        60.000000000000000        70.000000000000000        1.0945936558418692       -1.9105849641411112     
          27           1   0.0000000000000000        59.000000000000000        61.000000000000000        2.9475227483042037        1.6144122857178635     
          28           1   0.0000000000000000        62.000000000000000        62.000000000000000        1.5227298647325345       0.74488055133850484     
          29           1   1.0000000000000000        65.000000000000000        62.000000000000000      -0.29761298974150635       0.73374047463189329     
          30           1   0.0000000000000000        62.000000000000000        60.000000000000000        2.2058322400058668        1.8343316644184873     
          31           1   0.0000000000000000        69.000000000000000        63.000000000000000       -1.1020708782477433       0.48217881712126404     
          32           1   0.0000000000000000        63.000000000000000        70.000000000000000       0.76961614077764551       -2.4475768455776095     
          33           1   0.0000000000000000        69.000000000000000        64.000000000000000       -1.6369869526481988      -0.55020562892351155     
          34           1   0.0000000000000000        62.000000000000000        62.000000000000000        1.1266277146228540        1.5426534719860789     
          35           0        -999        -999        -999  -1.0779657371043407        1.9178071268338766     
          36           0        -999        -999        -999 -0.35894591926445329       0.78070581789054672     
          37           1   0.0000000000000000        72.000000000000000        64.000000000000000       -2.8099037489956320      -0.68618806616741068     
          38           1   0.0000000000000000        69.000000000000000        60.000000000000000      -0.90941596666988178        1.9585738952232390     
          39           0        -999        -999        -999 -0.59171513473449422        6.8602222098498603E-002
          40           1   0.0000000000000000        62.000000000000000        64.000000000000000        1.6523420398839903        1.1496266463500850     
          41           1   0.0000000000000000        69.000000000000000        68.000000000000000      -0.18475988743268129       -1.9268795745029010     
          42           0        -999        -999        -999   3.9532874352808382E-002   1.3651151856143866     
          43           1   0.0000000000000000        69.000000000000000        64.000000000000000       -1.7541744441096381      -0.35174172816573446     
          44           1   0.0000000000000000        62.000000000000000        62.000000000000000        1.1961762460379792        1.2542950440985621     
          45           1   1.0000000000000000        68.000000000000000        68.000000000000000       -1.2362489238237260       -1.7949104651830523     
          46           1   0.0000000000000000        71.000000000000000        67.000000000000000       -1.9420980864262865       -1.3965057545999233     
          47           0        -999        -999        -999   6.8218837332770524E-002 -0.26820350892110012     
          48           1   0.0000000000000000        62.000000000000000        62.000000000000000        2.2796372376255700       0.62413472421660776     
          49           0        -999        -999        -999 -0.46866615523574651        2.7134312126278157     
          50           0        -999        -999        -999 -0.31295774100289298       -1.7753287392321537     
          51           1   0.0000000000000000        60.000000000000000        64.000000000000000        1.6957117269585813      -0.12898080798732509     
          52           1   0.0000000000000000        70.000000000000000        67.000000000000000       -2.2021571425594781       -1.1894129259040878     
          53           1   0.0000000000000000        64.000000000000000        60.000000000000000        1.3013989542040543        1.7102456000964006     
          54           1   0.0000000000000000        70.000000000000000        63.000000000000000       -2.1092948149720954       0.42487172832260356     
          55           1   0.0000000000000000        72.000000000000000        66.000000000000000       -2.8960003477578846      -0.82221558437775255     
          56           1   0.0000000000000000        69.000000000000000        66.000000000000000       -2.2508239225248721       -1.7146412622412326     
          57           0        -999        -999        -999 -0.68431873543094957       -1.5625328713618527     
          58           1   0.0000000000000000        62.000000000000000        63.000000000000000        2.3254153205148542       0.43000164324369033     
          59           1   0.0000000000000000        60.000000000000000        63.000000000000000        2.1994064825718169        1.1573886287115274     
          60           1   0.0000000000000000        65.000000000000000        59.000000000000000       0.45540970964737504        2.1257447129714340     
          61           0        -999        -999        -999  0.72084843329539194       -1.6826521288895548     
          62           1   0.0000000000000000        71.000000000000000        67.000000000000000       -1.8442114758367376      -0.39074609741159849     
          63           1   1.0000000000000000        64.000000000000000        61.000000000000000       0.23694488299295313        2.2146344929451711     
          64           1   0.0000000000000000        62.000000000000000        62.000000000000000        2.0829484577451098       0.57082680000830877     
          65           0        -999        -999        -999   4.4403510579886125E-002   1.5957444992001597     
          66           1   0.0000000000000000        64.000000000000000        65.000000000000000      -0.58211341069402867      -0.21275156251581187     
          67           0        -999        -999        -999  0.21389119433924886      -0.27213108537817665     
          68           1   1.0000000000000000        65.000000000000000        63.000000000000000      -0.29630569172830085      -0.13545930620798796     
          69           1   0.0000000000000000        68.000000000000000        65.000000000000000      -0.43993040984812287      -0.73948044924696388     
          70           1   0.0000000000000000        63.000000000000000        60.000000000000000       0.73829423801475202        2.6390018898556606     
          71           1   0.0000000000000000        68.000000000000000        67.000000000000000       -2.1209980709928153      -0.80600271899539411     
          72           1   0.0000000000000000        70.000000000000000        65.000000000000000       -1.7420260714358762      -0.31654650401083845     
          73           1   0.0000000000000000        64.000000000000000        68.000000000000000        3.3958949989578782E-002   8.4030243530695423E-002
          74           0        -999        -999        -999  0.23041522000624653      -0.59635483819137047     
          75           1   1.0000000000000000        65.000000000000000        67.000000000000000       0.49516014342010711      -0.19929085474760644     
          76           1   0.0000000000000000        69.000000000000000        66.000000000000000       -3.0643239507267683       -1.3088978890505261     
          77           0        -999        -999        -999   1.6781903859752569E-004  -2.2801897951858172     
          78           1   0.0000000000000000        69.000000000000000        64.000000000000000       -1.7664457144773340      -0.67971557292248364     
          79           1   0.0000000000000000        62.000000000000000        60.000000000000000        1.0899720084450524        1.7538911891717737     
          80           1   0.0000000000000000        71.000000000000000        64.000000000000000       -1.7166357398972290       0.41395262044679848     
          81           1   0.0000000000000000        63.000000000000000        61.000000000000000       0.27999372583049409        1.8398235417361513     
          82           1   0.0000000000000000        73.000000000000000        66.000000000000000       -3.4115732502150649       -1.5117994640504220     
          83           0        -999        -999        -999  -1.1191226630026831       0.40683972407493291     
          84           1   0.0000000000000000        62.000000000000000        65.000000000000000       0.57402946805543298       -8.6039139631883116E-002
          85           1   0.0000000000000000        62.000000000000000        62.000000000000000        3.7634675093549088        2.2290148279561413     
          86           1   0.0000000000000000        68.000000000000000        62.000000000000000       -1.0333086508251141        1.1458894509358917     
          87           0        -999        -999        -999  0.14353159096285720       -3.6005239175705188E-002
          88           0        -999        -999        -999 -0.84464778043243138       0.18288619849246460     
          89           0        -999        -999        -999  0.50639964026430972       0.31846678484187035     
          90           1   1.0000000000000000        62.000000000000000        60.000000000000000        1.1539486819497646        1.8116478640591893     
          91           1   0.0000000000000000        62.000000000000000        62.000000000000000       0.77190805569871168        1.6394768060372573     
          92           1   0.0000000000000000        55.000000000000000        80.000000000000000        2.4335988214907465       0.79187619086086625     
          93           1   0.0000000000000000        64.000000000000000        60.000000000000000      -0.55854996451857597        2.4075329629189186     
          94           1   0.0000000000000000        59.000000000000000        64.000000000000000        2.0235555867084667        1.4324175892690025     
          95           0        -999        -999        -999 -0.69277990716197835       -1.1590601350755234     
          96           0        -999        -999        -999  0.80466470038801008      -0.16898042569074184     
          97           1   1.0000000000000000        69.000000000000000        68.000000000000000      -0.13921882078729172       0.17526203887998329     
          98           1   0.0000000000000000        63.000000000000000        64.000000000000000        1.0923088195549497        1.9549835311751828E-003
          99           1   0.0000000000000000        69.000000000000000        68.000000000000000       -1.6899461689840793       -1.2884119941648879     
         100           1   0.0000000000000000        70.000000000000000        67.000000000000000       -1.1927007106013157       -1.0282934655657798     
         101           0        -999        -999        -999 -0.17098383170167758      -0.48564470461662262     
         102           1   0.0000000000000000        69.000000000000000        64.000000000000000       -1.5429147634228209        1.6840279904778317     
         103           1   1.0000000000000000        70.000000000000000        65.000000000000000       -1.1335998877983697       -1.3267975144260493     
         104           1   0.0000000000000000        67.000000000000000        65.000000000000000       0.41432185688626888      -0.15116707280394809     
         105           0        -999        -999        -999 -0.26311603866496197        3.1026334975375811E-002
         106           1   0.0000000000000000        67.000000000000000        62.000000000000000       -9.1902584594561659E-002   1.0561122602037995E-002
         107           0        -999        -999        -999  0.45287316806721628        1.8418479330111117     
         108           1   0.0000000000000000        59.000000000000000        64.000000000000000        2.5717061532023551       0.52874165386987459     
         109           1   0.0000000000000000        71.000000000000000        65.000000000000000       -2.2419727128935221      -0.91599665821441090     
         110           0        -999        -999        -999   1.3077413082650937       0.19412474812231423     
         111           0        -999        -999        -999   6.8399346318726156E-002  -1.7581459103834249     
         112           0        -999        -999        -999 -0.72659070445839324        2.3669980872821799     
         113           1   0.0000000000000000        71.000000000000000        63.000000000000000       -1.7879499924842954       0.58033985155183365     
         114           1   0.0000000000000000        71.000000000000000        69.000000000000000      -0.73823846573865726       0.51006552967890351     
         115           0        -999        -999        -999 -0.36712562414021788       -1.8332279932630420     
         116           1   0.0000000000000000        73.000000000000000        63.000000000000000       -2.5674193608253177      -0.41403413235423209     
         117           1   0.0000000000000000        59.000000000000000        67.000000000000000        3.1629470037512077       0.34713228545404901     
         118           1   0.0000000000000000        59.000000000000000        60.000000000000000        3.1724612285924287        1.7110231365471167     
         119           1   0.0000000000000000        65.000000000000000        62.000000000000000       0.89928446031150588       0.93863708973404159     
         120           1   0.0000000000000000        63.000000000000000        63.000000000000000        1.7016365288469506        1.1181189730416077     
         121           1   0.0000000000000000        71.000000000000000        62.000000000000000       -2.1493188152931233      -0.59807621726556381     
         122           0        -999        -999        -999 -0.20139726727106302        1.0101593345797075     
         123           1   0.0000000000000000        71.000000000000000        64.000000000000000       -2.0061441211987945      -0.19123621448878222     
         124           1   0.0000000000000000        62.000000000000000        65.000000000000000       0.77624797697808079       0.19698901715060826     
         125           0        -999        -999        -999 -0.18612817762222850       -6.4957309911666247E-002
         126           1   0.0000000000000000        66.000000000000000        64.000000000000000       -9.2589961770680865E-002   6.9773025411454748E-002
         127           0        -999        -999        -999  -6.5537367555925071E-003 -0.87070810186912728     
         128           1   0.0000000000000000        73.000000000000000        60.000000000000000       -2.9088112529095658       0.66876080300801288     
         129           1   0.0000000000000000        65.000000000000000        66.000000000000000       0.81780403093126997       -1.0033196356640735     
         130           1   1.0000000000000000        64.000000000000000        64.000000000000000       0.57154071843646959       0.28894704051062353     
         131           0        -999        -999        -999  0.85023889802824881      -0.24480559962078691     
         132           0        -999        -999        -999  -8.5971961681604370E-002  0.64909519832210105     
         133           1   0.0000000000000000        68.000000000000000        68.000000000000000       -1.4900262121234871      -0.48105451041654973     
         134           1   0.0000000000000000        62.000000000000000        62.000000000000000        1.7264270633693468       0.99766999116359600     
         135           0        -999        -999        -999  0.97030350189157044       -1.1761039068275101     
         136           1   0.0000000000000000        80.000000000000000        76.000000000000000        6.4053941212831061E-002   1.4536010742150923E-002
         137           1   0.0000000000000000        69.000000000000000        65.000000000000000       -1.0203687348253481      -0.88506704881160303     
         138           1   0.0000000000000000        69.000000000000000        65.000000000000000      -0.43781662251958198      -0.71497365970808102     
         139           1   0.0000000000000000        62.000000000000000        61.000000000000000        1.2155263734668784        1.7860388224714405     
         140           0        -999        -999        -999  0.17197056258943363        2.2640287721950121     
         141           1   0.0000000000000000        69.000000000000000        63.000000000000000       -2.5664632586007508      -0.53033588474803683     
         142           1   0.0000000000000000        62.000000000000000        67.000000000000000        3.9304799051554244       -2.6721264044778214E-003
         143           1   0.0000000000000000        61.000000000000000        62.000000000000000        2.5379391500832282        1.2765424729046506     
         144           1   0.0000000000000000        60.000000000000000        63.000000000000000        2.2048825587724874       0.41756963935838592     
         145           1   0.0000000000000000        59.000000000000000        63.000000000000000        2.8273959348020554       0.50675284681381438     
         146           1   0.0000000000000000        70.000000000000000        63.000000000000000       -1.5555071654258461        7.5577242340983342E-002
         147           1   0.0000000000000000        69.000000000000000        69.000000000000000       -1.9530878945338837       -2.4746450403242775     
         148           1   0.0000000000000000        69.000000000000000        68.000000000000000       -1.2827804022473897       -1.3707968053422797     
         149           1   0.0000000000000000        59.000000000000000        65.000000000000000        2.7938084139224406      -0.72024249129958351     
         150           1   0.0000000000000000        72.000000000000000        65.000000000000000       -2.8752179085648701      -0.52996012620100563     
         151           1   0.0000000000000000        65.000000000000000        62.000000000000000       -5.2035466242906621E-002   3.0086563463209971E-002
         152           1   0.0000000000000000        61.000000000000000        61.000000000000000        1.9471352036107761        2.1658503597824468     
         153           1   0.0000000000000000        60.000000000000000        62.000000000000000        2.9251245276846078        1.8017173661361401     
         154           0        -999        -999        -999 -0.51745854495118071       -1.1664080865773045     
         155           1   0.0000000000000000        72.000000000000000        66.000000000000000       -2.6679654882139454       -1.4608354150006548     
         156           1   0.0000000000000000        72.000000000000000        65.000000000000000       -2.4929024871543466      -0.12723192052592638     
         157           0        -999        -999        -999  0.27196691288987124       -1.3432567958587343     
         158           0        -999        -999        -999  0.46586759514240078       -1.9217508086889541     
         159           0        -999        -999        -999 -0.27204224269615424      -0.25759647964512167     
         160           0        -999        -999        -999   1.2594666895559676       -1.4744498471490093     
         161           1   0.0000000000000000        61.000000000000000        62.000000000000000        2.5375755203374486        1.1779953095684679     
         162           1   0.0000000000000000        69.000000000000000        65.000000000000000       -2.0262583951180839       -1.3721134592136843     
         163           1   0.0000000000000000        67.000000000000000        62.000000000000000        1.0550921155323916        1.9008304323872320     
         164           1   0.0000000000000000        72.000000000000000        64.000000000000000       -2.2343537665583773      -0.57731196769024362     
         165           0        -999        -999        -999  0.16255206628965488      -0.45850144573678464     
         166           1   0.0000000000000000        63.000000000000000        64.000000000000000        3.2140287656366064        1.4660592699282318     
         167           1   0.0000000000000000        68.000000000000000        66.000000000000000       -1.3858341894151203      -0.94790527017975768     
         168           0        -999        -999        -999  0.24700454979475417      -0.78821771326595003     
         169           1   0.0000000000000000        70.000000000000000        63.000000000000000       -2.0428931830230237      -0.42011543872741336     
         170           1   0.0000000000000000        65.000000000000000        66.000000000000000      -0.16031773567669588       -1.3625251399736911     
         171           1   0.0000000000000000        64.000000000000000        63.000000000000000      -0.44710249937797258       0.47620667173431946     
         172           1   0.0000000000000000        62.000000000000000        69.000000000000000        1.1978558271243371       -2.1975787746844340     
         173           1   0.0000000000000000        70.000000000000000        65.000000000000000       -2.6459346616748460      -0.68023995025260475     
         174           1   0.0000000000000000        64.000000000000000        62.000000000000000        1.9163468699375164       0.95018284392823349     
         175           1   0.0000000000000000        63.000000000000000        63.000000000000000       0.29503631119867779       -8.7575090908214113E-003
         176           0        -999        -999        -999  0.29762013597638737      -0.94383435165503482     
         177           1   0.0000000000000000        63.000000000000000        67.000000000000000       -8.4471113316098912E-004  -3.3748346972212163E-002
         178           1   0.0000000000000000        61.000000000000000        62.000000000000000        2.7462359852457809       0.39903409512760585     
         179           1   0.0000000000000000        63.000000000000000        64.000000000000000       0.25547894921951969       -1.4518479453992726E-002
         180           1   0.0000000000000000        61.000000000000000        62.000000000000000        1.5130317504854522       0.95258545575893661     
         181           1   0.0000000000000000        64.000000000000000        68.000000000000000      -0.52025257422746141      -0.87931249511830634     
         182           1   1.0000000000000000        62.000000000000000        60.000000000000000       0.88522789611036046        1.8720298935404724     
         183           0        -999        -999        -999 -0.61715282732310994       -8.5462293104923398E-002
         184           0        -999        -999        -999 -0.33969582498528034      -0.51320614664806929     
         185           0        -999        -999        -999 -0.49779618101116996       0.67509304749172527     
         186           0        -999        -999        -999  0.17496780297701270        2.5849378844800266     
         187           1   0.0000000000000000        69.000000000000000        68.000000000000000       -2.0628476271520499       -1.8086752693861115     
         188           1   0.0000000000000000        65.000000000000000        65.000000000000000      -0.41287597091872236      -0.98985274893285702     
         189           0        -999        -999        -999 -0.16896149894207771        3.5263459682586061E-002
         190           1   0.0000000000000000        58.000000000000000        67.000000000000000        3.0835456674280208        2.7764671352833066     
         191           1   0.0000000000000000        68.000000000000000        69.000000000000000      -0.67423816082267540       -2.4160403951552358     
         192           1   0.0000000000000000        61.000000000000000        65.000000000000000        3.1138925421426609      -0.89203700132587327     
         193           1   0.0000000000000000        63.000000000000000        61.000000000000000        1.6517240067992354        1.5555643922719185     
         194           1   0.0000000000000000        71.000000000000000        62.000000000000000       -2.1625327275051678       0.75044321799398583     
         195           1   0.0000000000000000        70.000000000000000        65.000000000000000       -2.0383166388990532       -1.0303216939315036     
         196           1   0.0000000000000000        64.000000000000000        58.000000000000000       -3.3626757960764475E-002   2.6560052092604081     
         197           1   1.0000000000000000        60.000000000000000        62.000000000000000        2.0569315346157051        2.0831679162924308     
         198           1   0.0000000000000000        66.000000000000000        65.000000000000000       -1.6732068632959820       -1.9084218828502941     
         199           0        -999        -999        -999 -0.60687398826888772       -1.5017355305848050     
         200           1   0.0000000000000000        59.000000000000000        64.000000000000000        2.5585731312159008       0.20194940267733613     
         201           1   0.0000000000000000        62.000000000000000        62.000000000000000        1.8308398193161357        1.3321009577720853     
         202           1   0.0000000000000000        70.000000000000000        64.000000000000000       -1.0929326962078709      -0.35249037863682575     
         203           1   1.0000000000000000        69.000000000000000        66.000000000000000       -1.6874790593649505       -1.1380792325483406     
         204           1   0.0000000000000000        62.000000000000000        60.000000000000000        1.9946203847171660        1.9507032004258071     
         205           0        -999        -999        -999   6.4473671774345945E-002   1.1745106509088847     
         206           1   0.0000000000000000        64.000000000000000        63.000000000000000       0.85475063181744704       0.72908239754917969     
         207           1   0.0000000000000000        62.000000000000000        65.000000000000000        1.1278743827202928       0.27325043568399565     
         208           1   0.0000000000000000        65.000000000000000        63.000000000000000       -1.0438902109652275E-002   5.9544564572382920E-002
         209           1   0.0000000000000000        61.000000000000000        62.000000000000000        1.8069577162405261        1.2987441880248769     
         210           1   0.0000000000000000        62.000000000000000        65.000000000000000       0.29502229328045454      -0.25869853733793458     
         211           1   0.0000000000000000        70.000000000000000        69.000000000000000       -1.6637394239404464       -2.3488877542908595     
         212           1   0.0000000000000000        69.000000000000000        65.000000000000000       -1.8361634215688289       -1.0684461564708287     
         213           1   0.0000000000000000        63.000000000000000        60.000000000000000       0.12707959128452589        1.9099478338331877     
         214           1   0.0000000000000000        63.000000000000000        68.000000000000000       0.73508539617687674       -1.8294868495155807     
         215           1   0.0000000000000000        69.000000000000000        64.000000000000000       -1.9086556089476352       -1.2210749974238333     
         216           1   0.0000000000000000        70.000000000000000        64.000000000000000       -2.5843563320997629       -1.1575671499577886     
         217           1   1.0000000000000000        64.000000000000000        63.000000000000000       0.15657755885684924       0.15375279606794648     
         218           1   0.0000000000000000        59.000000000000000        62.000000000000000        2.3803143902880630        1.4123925999279523     
         219           1   0.0000000000000000        63.000000000000000        65.000000000000000      -0.13073242457149467        2.2940532089759857     
         220           1   0.0000000000000000        69.000000000000000        65.000000000000000       -2.6239168337777672      -0.50539401455491817     
         221           1   1.0000000000000000        62.000000000000000        62.000000000000000        2.3482575368996841       0.69125285247944845     
         222           1   0.0000000000000000        65.000000000000000        63.000000000000000      -0.37469288822864960       -2.6852606187413627E-002
         223           1   0.0000000000000000        63.000000000000000        61.000000000000000        1.2879326188548108        1.5453775108718741     
         224           1   0.0000000000000000        67.000000000000000        65.000000000000000       -1.1078017999635381      -0.84275092933890416     
         225           1   0.0000000000000000        62.000000000000000        62.000000000000000       0.33870775497699901       0.38912688243610627     
         226           0        -999        -999        -999   2.9036633258842776E-002 -0.36549171615000575     
         227           0        -999        -999        -999  0.33924196700204262       0.51034590434173133     
         228           1   0.0000000000000000        71.000000000000000        64.000000000000000      -0.61960394893268156       0.99140553636617990     
         229           1   0.0000000000000000        63.000000000000000        62.000000000000000       -3.4200996304867975E-002  0.16822908650494714     
         230           0        -999        -999        -999 -0.46552519039540607       -1.0976533887632272     
         231           1   0.0000000000000000        62.000000000000000        62.000000000000000       0.81159723048183419        1.4098922698332015     
         232           0        -999        -999        -999  -2.5839194487721220E-002 -0.52199782646234483     
         233           1   0.0000000000000000        64.000000000000000        65.000000000000000       0.82080253473790665       -1.3976143912156871     
         234           1   0.0000000000000000        64.000000000000000        64.000000000000000       0.32014295338282472       -8.3429405637913595E-002
         235           1   0.0000000000000000        70.000000000000000        68.000000000000000       -2.8037429329701986       -2.2956389014459639     
         236           1   0.0000000000000000        71.000000000000000        64.000000000000000       -3.0288911970862271       -1.2126813697333327     
         237           1   0.0000000000000000        56.000000000000000        62.000000000000000        2.4646028207992758        1.3704359446514156     
         238           1   0.0000000000000000        60.000000000000000        60.000000000000000        2.3669838893974440        2.4169722264305431     
         239           1   0.0000000000000000        55.000000000000000        64.000000000000000        2.3536539927327000       0.42706406821567300     
         240           1   0.0000000000000000        71.000000000000000        63.000000000000000       -2.7923463240030459      -0.45383569778128618     
         241           1   0.0000000000000000        72.000000000000000        62.000000000000000       -3.1026892143790694       -8.9283046228267691E-003
         242           0        -999        -999        -999  0.10266197847697045      -0.30323866792766691     
         243           0        -999        -999        -999 -0.44396531253255872        3.2108312016699447E-002
         244           1   0.0000000000000000        71.000000000000000        64.000000000000000       -2.3278660774974491      -0.56166740544968830     
         245           0        -999        -999        -999 -0.13385161263804946        1.5736272592531200     
         246           0        -999        -999        -999 -0.87042466018875198       0.16184092762004657     
         247           1   0.0000000000000000        62.000000000000000        62.000000000000000        1.3192274276052058       0.70121426444585222     
         248           1   0.0000000000000000        61.000000000000000        62.000000000000000        3.0066809539462351       0.71416187736276171     
         249           1   0.0000000000000000        67.000000000000000        65.000000000000000       0.67868728699814229      -0.91503417900473638     
         250           1   1.0000000000000000        67.000000000000000        70.000000000000000      -0.63538003703322976       -1.1447569035512053     
         251           1   0.0000000000000000        60.000000000000000        61.000000000000000        2.4240597351121411        2.0909128375524055     
         252           1   0.0000000000000000        60.000000000000000        64.000000000000000        2.7171475935247038      -0.30748599417814459     
         253           1   1.0000000000000000        69.000000000000000        66.000000000000000       -1.5106378668631573      -0.32486455891730204     
         254           0        -999        -999        -999  -1.1904629630247836        1.2008726653589485     
         255           1   0.0000000000000000        74.000000000000000        61.000000000000000       -3.8805770936396051        1.2238225524584083     
         256           0        -999        -999        -999  -5.2624073752475721E-002  -2.9326011831007168     
         257           1   0.0000000000000000        62.000000000000000        62.000000000000000        1.2112828524212975        1.1823593150822767     
         258           1   0.0000000000000000        62.000000000000000        61.000000000000000        1.3608567034259125        1.5381460323385872     
         259           1   0.0000000000000000        67.000000000000000        63.000000000000000      -0.24807012381577079       0.76151190367241783     
         260           1   0.0000000000000000        72.000000000000000        65.000000000000000       -4.2145910757088849       -1.5645622727821686     
         261           1   0.0000000000000000        62.000000000000000        62.000000000000000       0.96801397401742240       0.57811159783099797     
         262           1   0.0000000000000000        62.000000000000000        64.000000000000000        1.5055567634517404      -0.73981859566796515     
         263           1   0.0000000000000000        62.000000000000000        59.000000000000000        1.9948142350354094        2.1979772663795507     
         264           1   0.0000000000000000        71.000000000000000        66.000000000000000       -1.3996830682504693       -1.2911268739194555     
         265           1   0.0000000000000000        60.000000000000000        63.000000000000000        2.2113653381920857        1.3449427566906647     
         266           1   0.0000000000000000        71.000000000000000        64.000000000000000       -3.1408646398568454       -1.0614304358102322     
         267           1   0.0000000000000000        62.000000000000000        58.000000000000000        2.4759267272547847        2.6479881877558413     
         268           1   0.0000000000000000        64.000000000000000        61.000000000000000      -0.25336955572992681        1.5986762616584214     
         269           1   0.0000000000000000        63.000000000000000        58.000000000000000        2.6991775129972666        2.7614123423762815     
         270           1   0.0000000000000000        62.000000000000000        62.000000000000000        2.6390332214959669        8.8380174172825732E-002
         271           1   0.0000000000000000        60.000000000000000        65.000000000000000        1.9688718133711942      -0.58711993792634187     
         272           0        -999        -999        -999  0.59659059226758482       0.36568547444351329     
         273           1   0.0000000000000000        60.000000000000000        66.000000000000000       0.80305039568590586      -0.50782342842647632     
         274           1   0.0000000000000000        75.000000000000000        69.000000000000000       0.70785907634240697       0.39961965438792180     
         275           1   0.0000000000000000        68.000000000000000        65.000000000000000      -0.88571989544968455      -0.51045183768576985     
         276           1   0.0000000000000000        60.000000000000000        63.000000000000000        1.3379292651764081        1.8086278776993508E-002
         277           0        -999        -999        -999  0.45226168806529538      -0.16340411537460420     
         278           1   0.0000000000000000        71.000000000000000        67.000000000000000       -2.4709015151431934       -1.3501853116649687     
         279           1   0.0000000000000000        70.000000000000000        68.000000000000000       -2.3851654837335277       -2.4892030446092006     
         280           1   0.0000000000000000        73.000000000000000        64.000000000000000       -3.9444827679704115      -0.61973886694511227     
         281           1   0.0000000000000000        68.000000000000000        65.000000000000000       -1.1033567826023027      -0.41504428909504548     
         282           1   0.0000000000000000        59.000000000000000        61.000000000000000        2.8665796004310806        2.0828693739389674     
         283           1   0.0000000000000000        65.000000000000000        67.000000000000000       0.13319142072258827      -0.90944543326539640     
         284           1   1.0000000000000000        62.000000000000000        62.000000000000000        1.6127245552369600        1.9959197865270282     
         285           1   0.0000000000000000        62.000000000000000        62.000000000000000        2.0048046491141416        1.1945521333332638     
         286           1   0.0000000000000000        70.000000000000000        64.000000000000000       -2.1478501920276809      -0.88450336882328895     
         287           1   0.0000000000000000        72.000000000000000        66.000000000000000       -1.9798848746059108      -0.99722962332501308     
         288           1   0.0000000000000000        73.000000000000000        63.000000000000000       -3.1846825467389532      -0.32644942731766113     
         289           1   0.0000000000000000        62.000000000000000        65.000000000000000        2.1736010228608911       0.57504400932723376     
         290           0        -999        -999        -999 -0.65462673935958970       -1.1903989329336759     
         291           0        -999        -999        -999 -0.17487977982950575       -2.7585804114980879     
         292           1   0.0000000000000000        73.000000000000000        65.000000000000000       -2.9448391075554436      -0.86552665144556828     
         293           1   0.0000000000000000        70.000000000000000        65.000000000000000       -2.0989890342386213      -0.90581349280246792     
         294           1   1.0000000000000000        62.000000000000000        62.000000000000000        2.7582603715991092       0.34501482023851565     
         295           1   0.0000000000000000        71.000000000000000        62.000000000000000       -2.9398581293898327       0.64783528558065984     
         296           0        -999        -999        -999  0.32336197778074238      -0.22747792260137278     
         297           1   0.0000000000000000        67.000000000000000        67.000000000000000      -0.57777162924583014       -1.3081175611907769     
         298           1   0.0000000000000000        69.000000000000000        71.000000000000000       -2.7969260569136423      -0.27730159000083920     
         299           1   0.0000000000000000        71.000000000000000        63.000000000000000       -2.5562671513849273      -0.52924051629198476     
         300           1   0.0000000000000000        71.000000000000000        65.000000000000000       -2.0846102886650844      -0.32922549848221094     
         301           1   1.0000000000000000        62.000000000000000        62.000000000000000        2.5236509567992997        1.4659146589407401     
         302           1   0.0000000000000000        68.000000000000000        67.000000000000000       -2.2135344471036014       -1.1118451257993303     
         303           1   0.0000000000000000        69.000000000000000        64.000000000000000       -1.5479480544724376      -0.63601652094923311     
         304           1   0.0000000000000000        71.000000000000000        69.000000000000000       -2.5977728495420234       -2.1669348729124205     
         305           1   0.0000000000000000        62.000000000000000        63.000000000000000        1.3688288825461958       0.38432682475563934     
         306           1   0.0000000000000000        63.000000000000000        65.000000000000000       0.16648186112349284      -0.28192834668330902     
         307           0        -999        -999        -999 -0.52609210792068573        1.6883511198922314     
         308           1   0.0000000000000000        62.000000000000000        62.000000000000000        1.4722454084650747       0.74610399406673944     
         309           1   0.0000000000000000        67.000000000000000        66.000000000000000       -1.6085456826246718E-002  -1.0649652720735847     
         310           1   0.0000000000000000        68.000000000000000        66.000000000000000       -1.4154723469132424      -0.52341291029889703     
         311           1   0.0000000000000000        58.000000000000000        63.000000000000000        2.9855052652392460       0.73527078025694137     
         312           1   0.0000000000000000        62.000000000000000        61.000000000000000        2.0457255267580421       0.50278460851355589     
         313           1   0.0000000000000000        70.000000000000000        68.000000000000000       -1.5090616389104685       -1.2387915637893807     
         314           0        -999        -999        -999 -0.35573444814708849      -0.34660821751414916     
         315           1   0.0000000000000000        62.000000000000000        69.000000000000000        1.2312389753751594       -1.9427892787093664     
         316           1   0.0000000000000000        73.000000000000000        64.000000000000000       -1.6978323217229003      -0.56761419434436544     
         317           0        -999        -999        -999  0.22656282760330015      -0.85535392728095050     
         318           1   0.0000000000000000        62.000000000000000        64.000000000000000        7.4965643051183847E-002 -0.21867114144885438     
         319           1   0.0000000000000000        68.000000000000000        70.000000000000000      -0.67281060540146198       -2.0710173726085803     
         320           0        -999        -999        -999 -0.35566450661597093        3.4263890044296246     
         321           1   0.0000000000000000        60.000000000000000        63.000000000000000        2.3133327704540259        1.2269927015882727     
         322           0        -999        -999        -999  0.74948533052218780      -0.61986572495214942     
         323           0        -999        -999        -999  0.50382828968740934       -1.5584611363259833     
         324           1   1.0000000000000000        65.000000000000000        64.000000000000000       0.29539853943318117        7.0988934233355894E-002
         325           1   0.0000000000000000        68.000000000000000        65.000000000000000       -1.8335524678700474       -1.0936590203935852     
         326           0        -999        -999        -999  0.42908070506469692      -0.21549713476328500     
         327           1   0.0000000000000000        61.000000000000000        62.000000000000000        1.7835063197929357        1.0755687397225620     
         328           1   0.0000000000000000        72.000000000000000        58.000000000000000       -2.3971382479333712        1.1915954446308481     
         329           1   0.0000000000000000        66.000000000000000        59.000000000000000       0.29707165162337790        1.0572138135310702     
         330           1   0.0000000000000000        71.000000000000000        65.000000000000000       -2.8836911396959688      -0.33767020320743180     
         331           0        -999        -999        -999 -0.25761820599887053      -0.69618485955091947     
         332           1   0.0000000000000000        62.000000000000000        62.000000000000000        1.8274626507794083       0.46818542541086705     
         333           1   1.0000000000000000        63.000000000000000        62.000000000000000       0.47121822299402799       0.98190757693023456     
         334           1   0.0000000000000000        72.000000000000000        67.000000000000000       -3.5593095903526115       -1.5371784476013499     
         335           1   0.0000000000000000        67.000000000000000        66.000000000000000      -0.91190148313641617       -1.4219528173049198     
         336           0        -999        -999        -999   1.3015027162857826       0.28267264399527198     
         337           1   0.0000000000000000        69.000000000000000        61.000000000000000       0.37998480634732551       0.32687102553709635     
         338           0        -999        -999        -999  -2.8446476324526362      -0.18289124114002966     
         339           1   1.0000000000000000        60.000000000000000        61.000000000000000        2.5580235812746741        1.0502455051127915     
         340           1   0.0000000000000000        67.000000000000000        62.000000000000000      -0.24511805556211708        1.1293365658187151     
         341           1   0.0000000000000000        72.000000000000000        66.000000000000000       -3.9801011644735649       -2.2824053801385129     
         342           1   0.0000000000000000        73.000000000000000        66.000000000000000       -2.8704869611355748      -0.72053265674487388     
         343           1   0.0000000000000000        60.000000000000000        64.000000000000000        1.6146781248098505       0.17828135114590793     
         344           1   0.0000000000000000        67.000000000000000        60.000000000000000       0.52344338492242859       0.57701679147678175     
         345           0        -999        -999        -999   2.0911465967727807       0.48068046297011585     
         346           1   0.0000000000000000        72.000000000000000        65.000000000000000       -2.9400191072636717       -1.0760713164599585     
         347           1   0.0000000000000000        67.000000000000000        67.000000000000000       -2.1417782356655826       -1.3557872600229424     
         348           0        -999        -999        -999  -1.7292704123448144       0.14443065530985758     
         349           1   0.0000000000000000        62.000000000000000        62.000000000000000        1.3126065472744814       0.16715780493084051     
         350           1   0.0000000000000000        64.000000000000000        66.000000000000000      -0.22087044755072094      -0.98875003672037987     
         351           1   1.0000000000000000        62.000000000000000        62.000000000000000        1.1066085394351721       0.94837808350989417     
         352           0        -999        -999        -999   1.8909530490646771        5.0076175350546544E-002
         353           1   0.0000000000000000        67.000000000000000        64.000000000000000       -6.2493373926899333E-002  0.21427183118965254     
         354           1   0.0000000000000000        69.000000000000000        64.000000000000000       -1.7787089011028088      -0.23428120785659026     
         355           1   0.0000000000000000        62.000000000000000        62.000000000000000        2.0362563765744390       0.63877986214506843     
         356           1   0.0000000000000000        71.000000000000000        65.000000000000000       -2.5868339487750309      -0.79022365681044759     
         357           1   0.0000000000000000        68.000000000000000        62.000000000000000       -1.0938799550162208        1.3451415491363863     
         358           1   0.0000000000000000        75.000000000000000        67.000000000000000       -2.7219897831592346       -1.0844456038740287     
         359           0        -999        -999        -999 -0.80755370514828950       -6.6816055014544684E-002
         360           1   0.0000000000000000        69.000000000000000        62.000000000000000       -1.3234784555020820      -0.12196179780331669     
         361           1   0.0000000000000000        71.000000000000000        61.000000000000000       -2.9434464821562112       0.76990710147954911     
         362           1   1.0000000000000000        62.000000000000000        60.000000000000000        1.7292554097681647       0.99798535607036354     
         363           0        -999        -999        -999   3.4218713958492533       -8.1896330408581103E-002
         364           0        -999        -999        -999  -1.4655145812517549       0.48262604265506881     
         365           1   0.0000000000000000        68.000000000000000        65.000000000000000       -1.5395952399829107      -0.61587044200846341     
         366           0        -999        -999        -999   1.8096413544142127       0.27302047150377207     
         367           1   0.0000000000000000        69.000000000000000        62.000000000000000       -1.4661632616655356       0.77685734974978304     
         368           1   0.0000000000000000        73.000000000000000        67.000000000000000       -3.5297095598776207       -1.6200160904660590     
         369           0        -999        -999        -999  0.97309948838442006      -0.36916788980307996     
         370           1   0.0000000000000000        71.000000000000000        64.000000000000000       -2.9594082538328621      -0.90454669994242420     
         371           1   0.0000000000000000        62.000000000000000        69.000000000000000        1.1820229611424840       -1.9098969455051569     
         372           0        -999        -999        -999   1.9643736153488183       -2.5129610060834563E-002
         373           1   0.0000000000000000        65.000000000000000        67.000000000000000      -0.96451894972385621       -1.1930708414583113     
         374           1   0.0000000000000000        61.000000000000000        62.000000000000000        1.8597437903295697       0.70335970917841195     
         375           1   0.0000000000000000        65.000000000000000        69.000000000000000        4.8141599440840635E-002  -1.6274131228676387     
         376           1   0.0000000000000000        69.000000000000000        67.000000000000000       0.73919646208224477      -0.43593293090449264     
         377           1   0.0000000000000000        64.000000000000000        64.000000000000000       -2.8861010895310867E-002 -0.36456283821005903     
         378           1   0.0000000000000000        61.000000000000000        63.000000000000000        3.2440706993518473       0.12048970962919930     
         379           1   0.0000000000000000        67.000000000000000        68.000000000000000      -0.97200711493651371       -1.8319945172354388     
         380           1   0.0000000000000000        63.000000000000000        62.000000000000000       0.78942760988413441       0.94867650297222939     
         381           1   0.0000000000000000        70.000000000000000        63.000000000000000       -1.4821280734834112       -1.5784357512348066E-002
         382           1   0.0000000000000000        69.000000000000000        62.000000000000000       -1.2592721690453654       0.75104316684276906     
         383           1   0.0000000000000000        64.000000000000000        60.000000000000000        1.4315223085507787        1.9345252135002768     
         384           1   0.0000000000000000        71.000000000000000        64.000000000000000       -3.0810087753864961      -0.95316946892136389     
         385           1   0.0000000000000000        70.000000000000000        69.000000000000000       -2.3403038266111591       -1.6497104240452833     
         386           0        -999        -999        -999   1.7869437971738575       0.17520335067927256     
         387           0        -999        -999        -999   1.2303357532503432      -0.25077994016648031     
         388           1   1.0000000000000000        64.000000000000000        61.000000000000000        1.1017841969178053        1.3638725870277246     
         389           0        -999        -999        -999   2.6192742424402065       0.23691620215466674     
         390           1   0.0000000000000000        66.000000000000000        65.000000000000000      -0.24535274521804126      -0.45087845555028849     
         391           0        -999        -999        -999 -0.87790696372704113       0.55510746176834946     
         392           1   0.0000000000000000        58.000000000000000        65.000000000000000        4.0059883548698307      -0.67746220528813272     
         393           1   0.0000000000000000        72.000000000000000        64.000000000000000       -2.3240340457935260      -0.51845713288262862     
         394           1   0.0000000000000000        63.000000000000000        63.000000000000000      -0.23965870813271362       0.86181448577977204     
         395           1   0.0000000000000000        63.000000000000000        65.000000000000000       -7.7676624243255929E-002 -0.37203089319297322     
         396           1   0.0000000000000000        57.000000000000000        60.000000000000000        5.4649372441474062        1.0681915807925979     
         397           0        -999        -999        -999  0.39794986391710596      -0.14374708095983485     
         398           1   1.0000000000000000        62.000000000000000        62.000000000000000        1.7629639223789726       0.90913495595959715     
         399           1   0.0000000000000000        58.000000000000000        63.000000000000000        4.4356381167943937       0.67315389407833792     
         400           1   0.0000000000000000        66.000000000000000        69.000000000000000      -0.42342067377421377      -0.10974684485463547     
         401           1   0.0000000000000000        71.000000000000000        62.000000000000000       -2.6072099570103098        2.3526504286876636E-004
         402           1   0.0000000000000000        66.000000000000000        62.000000000000000       -1.2251321433896012       0.40633889989976729     
         403           1   0.0000000000000000        73.000000000000000        65.000000000000000       -3.0402805449346499       -1.1972883841243478     
         404           1   1.0000000000000000        65.000000000000000        64.000000000000000      -0.19008539811885505       0.29476169621133186     
         405           1   0.0000000000000000        62.000000000000000        62.000000000000000        1.6860960063510555        1.4203459098249829     
         406           0        -999        -999        -999  0.56639285550796203      -0.76649545287642651     
         407           0        -999        -999        -999  -2.0125548943180509      -0.20613647024999604     
         408           1   0.0000000000000000        65.000000000000000        64.000000000000000       -1.3430219867279496      -0.48571592698278993     
         409           1   0.0000000000000000        62.000000000000000        66.000000000000000        2.2103335679491902      -0.21780642959043919     
         410           1   0.0000000000000000        62.000000000000000        62.000000000000000        2.0963303300464662        1.0561817349342448     
         411           0        -999        -999        -999 -0.90956876047899660       0.13071161503873119     
         412           1   0.0000000000000000        72.000000000000000        67.000000000000000       -3.7385438506663475       -1.7843444753026361     
         413           1   0.0000000000000000        68.000000000000000        63.000000000000000      -0.73557950361491720      -0.21323428340820938     
         414           1   0.0000000000000000        70.000000000000000        75.000000000000000       -3.5178775271547709      -0.42203915980831325     
         415           1   0.0000000000000000        64.000000000000000        66.000000000000000       -7.8232062975723646E-002 -0.38738399867211443     
         416           1   0.0000000000000000        58.000000000000000        65.000000000000000        2.4059897614747778      -0.18639633409602069     
         417           0        -999        -999        -999 -0.98028997104740656        3.6263603000464426E-002
         418           0        -999        -999        -999  0.50454815581014878       0.14158425178484366     
         419           1   0.0000000000000000        72.000000000000000        65.000000000000000       -2.5868885637698833       -1.3243482659112820     
         420           1   0.0000000000000000        71.000000000000000        62.000000000000000       -3.3316179398475416      -0.49519255250176791     
         421           1   0.0000000000000000        68.000000000000000        60.000000000000000       0.11629499478028256        1.2375889116071692     
         422           0        -999        -999        -999 -0.93093785346246760       0.38409995480895370     
         423           1   0.0000000000000000        62.000000000000000        61.000000000000000        1.9825785497066739       0.96801538773255358     
         424           1   0.0000000000000000        72.000000000000000        62.000000000000000       -2.2764289526574562       0.13595514070444903     
         425           1   1.0000000000000000        66.000000000000000        66.000000000000000      -0.17104348884886197       -1.0408697265309086     
         426           1   0.0000000000000000        73.000000000000000        64.000000000000000       -3.0920915534925171       -1.5744473363901517     
         427           1   0.0000000000000000        72.000000000000000        63.000000000000000       -2.6957864300448664      -0.46157885467060356     
         428           1   0.0000000000000000        69.000000000000000        65.000000000000000       -1.5939391068770323       -1.2958145187870982     
         429           1   0.0000000000000000        74.000000000000000        68.000000000000000       -1.9329732729428430      -0.91676259101131119     
         430           0        -999        -999        -999   2.0665691264194566      -0.60586751550787066     
         431           0        -999        -999        -999  0.68218361239944414      -0.32357102498801643     
         432           1   0.0000000000000000        62.000000000000000        62.000000000000000        2.0599686221301066        1.0030757617718453     
         433           1   0.0000000000000000        68.000000000000000        69.000000000000000       -3.2905828574087581E-002 -0.69482096015909578     
         434           1   0.0000000000000000        73.000000000000000        62.000000000000000       -3.4788431159330471       0.34235593584354213     
         435           0        -999        -999        -999  -3.2083743439355747      -0.40876832540385200     
         436           1   0.0000000000000000        63.000000000000000        62.000000000000000        5.1833722479341232E-002  0.47152089405079906     
         437           1   0.0000000000000000        65.000000000000000        66.000000000000000      -0.39097190603298171        5.5569376554240837E-002
         438           1   0.0000000000000000        62.000000000000000        64.000000000000000        1.2513377415908682       -9.4718049023442830E-002
         439           1   1.0000000000000000        61.000000000000000        62.000000000000000        2.0152162040219452        1.4762106761361087     
         440           1   0.0000000000000000        68.000000000000000        63.000000000000000      -0.63387122474077517      -0.56764066011499414     
         441           1   0.0000000000000000        61.000000000000000        62.000000000000000        2.8194625235497712       0.14168326165644371     
         442           1   1.0000000000000000        70.000000000000000        67.000000000000000       -2.3669527834590092      -0.49958206362578444     
         443           0        -999        -999        -999  -3.1769697825252141       0.14182707046323814     
         444           0        -999        -999        -999  -1.7976046509788177      -0.31049908156586720     
         445           0        -999        -999        -999   1.7564541282218677       0.12926253904372476     
         446           1   0.0000000000000000        67.000000000000000        64.000000000000000      -0.18445188344704935       0.17151351551967320     
         447           1   0.0000000000000000        65.000000000000000        65.000000000000000      -0.27705202425141012      -0.41513607547516251     
         448           1   0.0000000000000000        61.000000000000000        62.000000000000000        1.8733574800792792       0.17072860066093071     
         449           1   0.0000000000000000        59.000000000000000        64.000000000000000        2.6675475268938813       0.53925363049943009     
         450           0        -999        -999        -999 -0.80516102783921317        9.8337531922658636E-002
         451           0        -999        -999        -999  -3.1685104191229616      -0.20003674132537191     
         452           1   0.0000000000000000        62.000000000000000        62.000000000000000        1.3754488649044614       0.70946711354690084     
         453           1   0.0000000000000000        68.000000000000000        63.000000000000000       -1.8187136270690067        9.6744314820958965E-002
         454           1   0.0000000000000000        67.000000000000000        63.000000000000000      -0.93688010918560527      -0.29164971498411346     
         455           1   0.0000000000000000        73.000000000000000        66.000000000000000       -3.2145632356440355       -1.6037745391294951     
         456           1   0.0000000000000000        69.000000000000000        63.000000000000000      -0.81734112082665544      -0.47826099440727204     
         457           1   0.0000000000000000        60.000000000000000        62.000000000000000        2.8652113391723755        1.9277899419324889     
         458           0        -999        -999        -999  -2.4644539214621419      -0.44756867102754788     
         459           0        -999        -999        -999  -2.2058184969612107       0.15501609791787158     
         460           1   0.0000000000000000        72.000000000000000        64.000000000000000       -3.0449429707746942      -0.98582845816865428     
         461           1   0.0000000000000000        72.000000000000000        64.000000000000000       -3.0443412442957980      -0.19536289360674666     
         462           1   0.0000000000000000        74.000000000000000        67.000000000000000       -4.3803253620828260       -1.1748833625853150     
         463           1   0.0000000000000000        66.000000000000000        64.000000000000000      -0.48493993131761781      -0.56409668385984557     
         464           1   0.0000000000000000        62.000000000000000        67.000000000000000        1.4283628760059637       0.40659114799158425     
         465           1   0.0000000000000000        64.000000000000000        67.000000000000000        1.2783771092099729       0.42364534599534615     
         466           1   0.0000000000000000        70.000000000000000        63.000000000000000       -1.5318451820762449       0.92584790524271965     
         467           0        -999        -999        -999  0.66295034928202512      -0.61768841841646316     
         468           1   0.0000000000000000        64.000000000000000        62.000000000000000       0.22067477213762646        1.0900225953868665     
         469           0        -999        -999        -999   2.1938682558065281       0.79955206205978102     
         470           0        -999        -999        -999   4.3902955028685881E-002  -6.2812064806286969E-002
         471           0        -999        -999        -999   2.2734449801783194       0.48936962589965222     
         472           1   0.0000000000000000        62.000000000000000        62.000000000000000        1.1323680497557929       0.16732465927308129     
         473           1   0.0000000000000000        71.000000000000000        67.000000000000000       0.15362702721912183        8.9319551795180759E-003
         474           1   0.0000000000000000        59.000000000000000        62.000000000000000        3.4626554052478293       0.25157579576870803     
         475           1   0.0000000000000000        62.000000000000000        62.000000000000000        1.3857495464039240       0.74484617515202145     
         476           1   0.0000000000000000        69.000000000000000        65.000000000000000       -1.8084465408987338E-003 -0.15248329975034491     
         477           1   0.0000000000000000        62.000000000000000        64.000000000000000        4.8093882430829078        1.5097296979487489     
         478           1   0.0000000000000000        68.000000000000000        64.000000000000000      -0.11770318721671660      -0.23919214477854445     
         479           1   0.0000000000000000        60.000000000000000        64.000000000000000        1.9074233246774668       0.53588945861616022     
         480           0        -999        -999        -999   1.6905658166116686       0.15598346072176758     
         481           0        -999        -999        -999  -3.2364706373828303      -0.96521828848513802     
         482           1   0.0000000000000000        65.000000000000000        64.000000000000000      -0.29261715040335717      -0.58579839472177353     
         483           0        -999        -999        -999 -0.71249362320223608       0.16511262198512647     
         484           1   0.0000000000000000        73.000000000000000        62.000000000000000       -3.8632425186901718       0.65452038693888492     
         485           1   0.0000000000000000        61.000000000000000        62.000000000000000        3.2647182609705938       0.18823200387518343     
         486           0        -999        -999        -999  -2.9896071045544086      -0.24623161734447815     
         487           1   0.0000000000000000        63.000000000000000        66.000000000000000      -0.16289106799997971       -6.1199964019110181E-002
         488           1   1.0000000000000000        62.000000000000000        62.000000000000000        2.2221072275987801       0.77399661033031630     
         489           0        -999        -999        -999  -3.4575318275893316       0.26559294616427453     
         490           0        -999        -999        -999  -1.3314706900732995       0.44585359472346475     
         491           1   0.0000000000000000        58.000000000000000        62.000000000000000        2.4904796171001293        1.8947345823803130     
         492           0        -999        -999        -999  -2.9955139518197718      -0.35936788009247200     
         493           1   0.0000000000000000        65.000000000000000        63.000000000000000        8.9530344782283069E-002  0.38223517585403521     
         494           0        -999        -999        -999  -3.2321618195840500        8.6914003435167947E-002
         495           1   0.0000000000000000        62.000000000000000        67.000000000000000        1.5000029615479551       0.87297642319492552     
         496           1   0.0000000000000000        70.000000000000000        63.000000000000000       -2.4103075875893105       -1.1623563412798566E-003
         497           1   0.0000000000000000        57.000000000000000        63.000000000000000        4.4830034282616156        1.4460029298504815     
         498           1   0.0000000000000000        64.000000000000000        62.000000000000000       -1.0117068537840446E-004  0.17823314994347544     
         499           1   0.0000000000000000        59.000000000000000        64.000000000000000        2.9710464408684141       0.13428064864300462     
         500           1   0.0000000000000000        70.000000000000000        65.000000000000000       -1.3925542762259429      -0.69608695784701002     
         501           1   0.0000000000000000        73.000000000000000        63.000000000000000       -2.9545408357673955      -0.38846974653200889     
         502           1   0.0000000000000000        65.000000000000000        63.000000000000000      -0.18082338169556844       0.19214709101835861     
         503           1   0.0000000000000000        70.000000000000000        60.000000000000000       -2.0869708091309538       0.31752584954643842     
         504           0        -999        -999        -999 -0.85432378938258902       0.11900507564425368     
         505           1   0.0000000000000000        62.000000000000000        66.000000000000000        1.3808393759301425      -0.37293527571812890     
         506           0        -999        -999        -999 -0.87365719013453502        7.8988894027080758E-002
         507           1   1.0000000000000000        67.000000000000000        67.000000000000000      -0.38466774807246651       -1.4636238483067681     
         508           1   1.0000000000000000        67.000000000000000        63.000000000000000      -0.24003846993588376      -0.43515686321744901     
         509           1   0.0000000000000000        54.000000000000000        63.000000000000000        5.5816550477974785        1.2752933754724893     
         510           1   0.0000000000000000        63.000000000000000        62.000000000000000        1.0553169917269403       0.38516863604291807     
         511           1   0.0000000000000000        73.000000000000000        63.000000000000000       -3.3996693781325291       0.15163587592097319     
         512           1   1.0000000000000000        63.000000000000000        65.000000000000000       0.92089027777215859        4.4784415023497094E-002
         513           1   1.0000000000000000        67.000000000000000        64.000000000000000       -1.0899877056690022       -1.2780379635571772     
         514           1   1.0000000000000000        65.000000000000000        63.000000000000000       0.47315782240957865       0.36220035038596221     
         515           1   0.0000000000000000        70.000000000000000        64.000000000000000       -2.5556637687642234      -0.77823007975781788     
         516           1   0.0000000000000000        62.000000000000000        62.000000000000000        1.2457100971635056        1.1556454744454616     
         517           1   0.0000000000000000        65.000000000000000        59.000000000000000      -0.26729801789794067        2.0445156525038173     
         518           1   0.0000000000000000        61.000000000000000        62.000000000000000        1.8658040642741012       0.80259977845012287     
         519           1   0.0000000000000000        62.000000000000000        62.000000000000000       0.61608432246988298       0.63678224328887689     
         520           1   0.0000000000000000        62.000000000000000        63.000000000000000       0.45282837839120582        4.6819145326216012E-002
         521           1   0.0000000000000000        59.000000000000000        67.000000000000000        2.2459625292889727       0.66453721972241342     
         522           1   0.0000000000000000        62.000000000000000        62.000000000000000       0.49546519769734149       0.83643372958860640     
         523           1   0.0000000000000000        59.000000000000000        62.000000000000000        3.0526432033902591       0.72816418303059161     
         524           1   0.0000000000000000        68.000000000000000        64.000000000000000      -0.91935188333528628      -0.40675811155962160     
         525           1   0.0000000000000000        72.000000000000000        63.000000000000000       -3.2607014733888531      -0.25703903753388924     
         526           1   0.0000000000000000        62.000000000000000        62.000000000000000       0.40002110013519920       0.65334941106309186     
         527           0        -999        -999        -999  -3.2248457689532568        5.3072065699384711E-002
         528           0        -999        -999        -999  -2.9735410635650505       0.47702320804192733     
         529           1   0.0000000000000000        69.000000000000000        64.000000000000000       -1.7134305281070612       0.31373751429750224     
         530           1   0.0000000000000000        70.000000000000000        62.000000000000000       -2.7170132211585525        6.7246104719770161E-002
         531           0        -999        -999        -999   2.3164421557043195       0.18930043610627181     
         532           1   1.0000000000000000        61.000000000000000        62.000000000000000        2.3191932266258339       0.57264403334074254     
         533           1   0.0000000000000000        59.000000000000000        59.000000000000000        3.5775056318264098       0.89256834396927998     
         534           1   0.0000000000000000        67.000000000000000        64.000000000000000       -1.6877398060752420      -0.38093252674880546     
         535           1   0.0000000000000000        62.000000000000000        64.000000000000000        1.1693297009575081      -0.66733575856509342     
         536           1   1.0000000000000000        63.000000000000000        62.000000000000000        8.2495088812970949E-002   1.3844004059209174     
         537           1   0.0000000000000000        68.000000000000000        67.000000000000000       -1.1608914977351659      -0.31706737361663206     
         538           0        -999        -999        -999  -3.7449241520832710        9.2644736827941332E-002
         539           1   0.0000000000000000        68.000000000000000        62.000000000000000       -1.6051548700841209       0.23034982960964487     
         540           0        -999        -999        -999  -1.0179730511488772      -0.46821839801864973     
         541           0        -999        -999        -999  -3.0269089867235830       0.39461767424622762     
         542           0        -999        -999        -999   2.2114534629051241       -6.3196148590417792E-002
         543           1   0.0000000000000000        65.000000000000000        63.000000000000000      -0.13603917631105619       0.30317877369834600     
         544           1   1.0000000000000000        59.000000000000000        62.000000000000000        3.3071757840847211       0.45660323320699142     
         545           1   0.0000000000000000        62.000000000000000        62.000000000000000        1.9782464356265128       0.73934214536765752     
         546           1   0.0000000000000000        67.000000000000000        61.000000000000000      -0.41282177512924934       0.67509054428679516     
         547           1   0.0000000000000000        57.000000000000000        69.000000000000000        3.2344490593970487      -0.71666936886731836     
         548           1   0.0000000000000000        69.000000000000000        68.000000000000000       -1.5563706862566569       -1.3227128212661656     
         549           0        -999        -999        -999   1.7802573069536576       -9.5711037628328152E-002
         550           1   0.0000000000000000        66.000000000000000        66.000000000000000      -0.57650975546481709      -0.66667186777587417     
         551           0        -999        -999        -999  -4.1176280048706992      -0.14659970480097850     
         552           1   0.0000000000000000        68.000000000000000        65.000000000000000       -1.7816277852865618       -1.0213667213873978     
         553           1   1.0000000000000000        60.000000000000000        61.000000000000000        2.8945157734021154       0.78178725736511945     
         554           1   0.0000000000000000        72.000000000000000        66.000000000000000       -3.0432454842506447       -1.1252407621188167     
         555           1   0.0000000000000000        72.000000000000000        61.000000000000000       -3.3271051316723232       0.72316951085597514     
         556           1   0.0000000000000000        68.000000000000000        65.000000000000000      -0.29436320725841791      -0.51857711579372290     
         557           1   0.0000000000000000        69.000000000000000        64.000000000000000       -1.4287399487847032       0.34285954623363374     
         558           1   0.0000000000000000        58.000000000000000        62.000000000000000        3.2055583422288652       0.83971509292266622     
         559           1   0.0000000000000000        59.000000000000000        63.000000000000000        1.0889427464829078       0.76067869238922592     
         560           1   0.0000000000000000        62.000000000000000        60.000000000000000        1.0370629443153629        1.5383622322051256     
         561           1   0.0000000000000000        72.000000000000000        65.000000000000000       -3.2590180268404247      -0.60237192150619145     
         562           1   0.0000000000000000        55.000000000000000        60.000000000000000        5.7565558655106814        1.8593133354894287     
         563           1   0.0000000000000000        70.000000000000000        63.000000000000000       -2.7627292760918500       0.43255616181029910     
         564           1   0.0000000000000000        65.000000000000000        62.000000000000000       0.33622681786791636      -0.46295251036809426     
         565           1   0.0000000000000000        62.000000000000000        62.000000000000000        2.2381764573401552      -0.12100357417339946     
         566           1   0.0000000000000000        72.000000000000000        68.000000000000000       -2.8553173671971672       -1.9722128902632377     
         567           1   0.0000000000000000        72.000000000000000        59.000000000000000       -2.8382916950252013        1.1552971743272027     
         568           0        -999        -999        -999 -0.92400942669314257      -0.90501754839398618     
         569           0        -999        -999        -999 -0.89053153039343680      -0.43212420348717479     
         570           1   0.0000000000000000        71.000000000000000        67.000000000000000       -3.1365977485027408       -1.6757495175454316     
         571           1   0.0000000000000000        60.000000000000000        64.000000000000000        2.4899954857681053        4.5890046978634691E-002
         572           1   0.0000000000000000        60.000000000000000        67.000000000000000        2.0566814226543984       -1.3904854360690015     
         573           1   0.0000000000000000        69.000000000000000        63.000000000000000       -1.9171430856798100      -0.13032800907925257     
         574           1   0.0000000000000000        54.000000000000000        62.000000000000000        5.2055365021428566        1.0496558267814025     
         575           1   0.0000000000000000        65.000000000000000        62.000000000000000       -4.4596865661868872E-002  0.93787310998227758     
         576           1   0.0000000000000000        62.000000000000000        61.000000000000000        1.3401405591880911        1.8371437672582331     
         577           1   0.0000000000000000        64.000000000000000        61.000000000000000       0.86373938020608210        1.0085435839446071     
         578           1   0.0000000000000000        57.000000000000000        64.000000000000000        3.3785705107263828       0.72817232822630429     
         579           1   0.0000000000000000        64.000000000000000        61.000000000000000        1.2498743419384377        1.4550720723470931     
         580           1   0.0000000000000000        65.000000000000000        67.000000000000000       0.65368581093627365       -6.1102591361605875E-002
         581           0        -999        -999        -999 -0.87286313884194011      -0.46051449818700141     
         582           1   0.0000000000000000        64.000000000000000        62.000000000000000       0.38018504951855986      -0.22205645588555600     
         583           1   0.0000000000000000        74.000000000000000        59.000000000000000       -3.3193684717565861        1.5692445086015467     
         584           0        -999        -999        -999  0.99076191688846127      -0.19640284939524288     
         585           1   0.0000000000000000        63.000000000000000        63.000000000000000       0.87254223743840587      -0.38333562829498519     
         586           1   0.0000000000000000        73.000000000000000        60.000000000000000       -2.9354844899354822       0.80123566371580712     
         587           1   0.0000000000000000        69.000000000000000        65.000000000000000       -1.1170912290540860       -4.5115648785918998E-002
         588           1   0.0000000000000000        67.000000000000000        67.000000000000000      -0.99324522062237408       -2.3291380703244808     
         589           1   0.0000000000000000        66.000000000000000        62.000000000000000      -0.46958605618289256      -0.46792784439817336     
         590           1   0.0000000000000000        67.000000000000000        69.000000000000000       -1.5269663502282287       -2.3343977219753991     
         591           0        -999        -999        -999   2.7041305608195256        1.3337095554447984     
         592           1   1.0000000000000000        68.000000000000000        63.000000000000000       -1.5348974917590281      -0.34645495781081137     
         593           1   0.0000000000000000        71.000000000000000        67.000000000000000       -1.9996832464350951       -1.2715780112860500     
         594           0        -999        -999        -999 -0.40360546270019987       0.92279431342419427     
         595           1   0.0000000000000000        62.000000000000000        62.000000000000000       0.95966494520614720       0.99937631507765812     
         596           1   0.0000000000000000        71.000000000000000        67.000000000000000       -3.7205065068176020       -1.8496002249671768     
         597           1   0.0000000000000000        62.000000000000000        62.000000000000000        1.7685278284058605        1.2024199523159580     
         598           0        -999        -999        -999  0.18704937962811688       0.37245223775128850     
         599           0        -999        -999        -999 -0.73531900684308016      -0.23993096288660290     
         600           1   0.0000000000000000        71.000000000000000        68.000000000000000       -3.8924573824800013       -2.0990810110617830     
         601           0        -999        -999        -999 -0.53947463704490506      -0.30854052327946030     
         602           1   0.0000000000000000        67.000000000000000        65.000000000000000      -0.64312022498256805      -0.71416572467656880     
         603           1   0.0000000000000000        60.000000000000000        62.000000000000000        2.8918356139016526        1.7856167191851065E-002
         604           1   0.0000000000000000        67.000000000000000        63.000000000000000      -0.44466951862911991       0.35300798454472149     
