           1           1   1.0000000000000000        71.000000000000000        66.000000000000000       -2.1693481803804517       -1.4516049739109544     
           2           1   0.0000000000000000        72.000000000000000        68.000000000000000       -2.5857974809691400       -1.7687418925236351     
           3           1   0.0000000000000000        70.000000000000000        68.000000000000000       -3.0561532551845016       -2.0955877249733024     
           4           0        -999        -999        -999   1.7634954080694738        1.2065318269852312     
           5           1   0.0000000000000000        62.000000000000000        61.000000000000000        1.5947576868610154        1.0153091737780722     
           6           1   0.0000000000000000        71.000000000000000        64.000000000000000       -2.0660843995320941       -1.4536480064345390     
           7           0        -999        -999        -999  -1.0146517623510207      -0.70792985145468168     
           8           1   0.0000000000000000        64.000000000000000        62.000000000000000       0.68558594391914274       0.51614298736817965     
           9           1   0.0000000000000000        67.000000000000000        65.000000000000000      -0.35717243195017695      -0.27606662643870594     
          10           0        -999        -999        -999  0.35538301943829836       0.25283290001743774     
          11           1   0.0000000000000000        62.000000000000000        62.000000000000000        1.2829152502811518       0.80056113803918738     
          12           1   0.0000000000000000        67.000000000000000        65.000000000000000      -0.66904477709839172      -0.47099952621356084     
          13           1   0.0000000000000000        71.000000000000000        66.000000000000000       -3.5985844481963523       -2.5197682973038811     
          14           1   0.0000000000000000        68.000000000000000        67.000000000000000      -0.87879622586294348      -0.63941871575956533     
          15           1   0.0000000000000000        61.000000000000000        59.000000000000000        3.6876727708132968        2.5931900010092575     
          16           1   0.0000000000000000        65.000000000000000        67.000000000000000      -0.44089331821938088      -0.31285844437122234     
          17           1   1.0000000000000000        63.000000000000000        62.000000000000000        1.1524095734503574       0.75300428041979306     
          18           1   0.0000000000000000        62.000000000000000        62.000000000000000        1.4344650950894533       0.96269420352701074     
          19           0        -999        -999        -999 -0.46614908178746062      -0.34008579213597256     
          20           1   0.0000000000000000        60.000000000000000        62.000000000000000        1.7454335728807211        1.2318074690666490     
          21           1   0.0000000000000000        60.000000000000000        57.000000000000000        3.6287968206390517        2.4508518971432180     
          22           1   0.0000000000000000        69.000000000000000        65.000000000000000      -0.83330411690343353      -0.55620526523678404     
          23           1   0.0000000000000000        60.000000000000000        62.000000000000000        1.9480597644880886        1.3802606869628722     
          24           1   0.0000000000000000        69.000000000000000        65.000000000000000       -2.1100142198481042       -1.4447439957251114     
          25           0        -999        -999        -999  -1.7825674784787000       -1.2101676521065072     
          26           1   0.0000000000000000        72.000000000000000        68.000000000000000       -3.1034433859761528       -2.0819004954589464     
          27           1   1.0000000000000000        59.000000000000000        60.000000000000000        3.8762408546977860        2.6855613365951494     
          28           1   0.0000000000000000        62.000000000000000        60.000000000000000        1.6247736137687299        1.1006390448626233     
          29           1   0.0000000000000000        62.000000000000000        63.000000000000000       0.79006748995443143       0.51231709044452334     
          30           1   0.0000000000000000        59.000000000000000        60.000000000000000        3.6703435777544087        2.5270164539019944     
          31           1   0.0000000000000000        66.000000000000000        63.000000000000000       0.19837837370343103        9.5161468423654749E-002
          32           1   0.0000000000000000        71.000000000000000        68.000000000000000       -2.9238975431830538       -2.0817577038847643     
          33           1   0.0000000000000000        69.000000000000000        65.000000000000000       -1.7815004272258390       -1.2410787042219027     
          34           1   0.0000000000000000        60.000000000000000        62.000000000000000        3.1000891353739242        2.1362056708776529     
          35           0        -999        -999        -999   3.9268046031020969        2.7519528327954546     
          36           0        -999        -999        -999  0.88824632869773834       0.62704028534518419     
          37           1   0.0000000000000000        71.000000000000000        65.000000000000000       -2.3457578527102787       -1.6197861869973258     
          38           1   0.0000000000000000        59.000000000000000        59.000000000000000        3.9833880439137310        2.7098205864525262     
          39           0        -999        -999        -999 -0.36668446593268156      -0.31620644580576041     
          40           1   0.0000000000000000        62.000000000000000        63.000000000000000        2.0514943714302598        1.4621779660062921     
          41           1   0.0000000000000000        71.000000000000000        65.000000000000000       -2.0118114011569421       -1.3459699408425649     
          42           0        -999        -999        -999   1.8690071837123794        1.3059196769455617     
          43           1   0.0000000000000000        69.000000000000000        67.000000000000000       -1.9176706180322936       -1.3198934507846960     
          44           1   0.0000000000000000        61.000000000000000        62.000000000000000        2.2406367736354698        1.4593542632051153     
          45           1   0.0000000000000000        71.000000000000000        67.000000000000000       -2.7493342939423577       -1.8614459907945859     
          46           1   0.0000000000000000        71.000000000000000        67.000000000000000       -2.4033671344061327       -1.7104382994848790     
          47           0        -999        -999        -999 -0.42681467413119356      -0.28830481336594127     
          48           1   1.0000000000000000        62.000000000000000        61.000000000000000        2.2198627145679239        1.4664293757692755     
          49           0        -999        -999        -999   5.0415539591826475        3.4278946752051609     
          50           0        -999        -999        -999  -3.4753949850489327       -2.4070025593930318     
          51           1   0.0000000000000000        63.000000000000000        63.000000000000000       0.20879967558891224       0.19257637419011162     
          52           1   0.0000000000000000        70.000000000000000        67.000000000000000       -2.3369074299044730       -1.6347025035138327     
          53           1   1.0000000000000000        61.000000000000000        60.000000000000000        3.0934068579611007        2.1156296190404587     
          54           1   0.0000000000000000        66.000000000000000        64.000000000000000      -0.46869056958035871      -0.32323281554202893     
          55           1   1.0000000000000000        70.000000000000000        68.000000000000000       -2.3618480720087844       -1.5978907180903297     
          56           1   0.0000000000000000        70.000000000000000        65.000000000000000       -2.6380939830202568       -1.7891444985070302     
          57           0        -999        -999        -999  -2.4879299254728879       -1.7534132410507781     
          58           1   0.0000000000000000        62.000000000000000        61.000000000000000        2.4669529404585693        1.6536846293781027     
          59           1   0.0000000000000000        60.000000000000000        62.000000000000000        2.6963723327667299        1.8376042880810233     
          60           1   0.0000000000000000        58.000000000000000        58.000000000000000        3.5932885107991770        2.5614862220504881     
          61           0        -999        -999        -999  -2.8142749443286310       -1.9298253196203670     
          62           1   0.0000000000000000        72.000000000000000        69.000000000000000       -2.6616170984164507       -1.7754210565002182     
          63           1   0.0000000000000000        59.000000000000000        61.000000000000000        3.7151544571521948        2.4824926463038715     
          64           1   0.0000000000000000        62.000000000000000        62.000000000000000        1.4646557140613963       0.97696409865442069     
          65           0        -999        -999        -999   3.4802049451206614        2.4303917305817260     
          66           1   0.0000000000000000        64.000000000000000        65.000000000000000      -0.60998467924841993      -0.44227611740165740     
          67           0        -999        -999        -999  0.22413218657432044       0.12369645975920994     
          68           1   0.0000000000000000        65.000000000000000        62.000000000000000      -0.31049264457398051      -0.22813595904140249     
          69           1   1.0000000000000000        71.000000000000000        66.000000000000000       -2.0208242798618579       -1.3736101825098361     
          70           1   1.0000000000000000        60.000000000000000        60.000000000000000        4.2221503241103715        2.8614009892526724     
          71           1   1.0000000000000000        67.000000000000000        68.000000000000000       -2.0340294942960684       -1.3256641921897938     
          72           1   0.0000000000000000        69.000000000000000        65.000000000000000       -1.1337618774894624      -0.76720682550395114     
          73           1   0.0000000000000000        63.000000000000000        67.000000000000000       0.31163944299401070       0.15529405900672211     
          74           0        -999        -999        -999  -1.0936045636848690      -0.79632896638247030     
          75           1   0.0000000000000000        65.000000000000000        65.000000000000000       0.51886813756894257       0.33407868703468935     
          76           1   1.0000000000000000        69.000000000000000        67.000000000000000       -3.3826763254365493       -2.2693395592499308     
          77           0        -999        -999        -999  -3.6607186888367966       -2.5324839339516503     
          78           1   0.0000000000000000        69.000000000000000        65.000000000000000       -1.9131363576824503       -1.3241241228595504     
          79           1   0.0000000000000000        59.000000000000000        60.000000000000000        3.3941085490074636        2.3051458727500513     
          80           1   0.0000000000000000        68.000000000000000        65.000000000000000      -0.31670887302300216      -0.20563808216444748     
          81           1   0.0000000000000000        61.000000000000000        61.000000000000000        2.8680919252343711        2.0158858892406877     
          82           1   0.0000000000000000        71.000000000000000        67.000000000000000       -2.8083890233574946       -1.9817841684172683     
          83           0        -999        -999        -999  0.48467126539559352       0.35295068807129354     
          84           1   0.0000000000000000        63.000000000000000        64.000000000000000       0.60151368190172183       0.40335604090103816     
          85           1   0.0000000000000000        62.000000000000000        61.000000000000000        4.5465755428363241        3.2672364797373326     
          86           1   0.0000000000000000        62.000000000000000        62.000000000000000       0.93614548158196431       0.60236563044077518     
          87           0        -999        -999        -999  0.15040380425372660        9.9250365249461167E-002
          88           0        -999        -999        -999  -7.7353056962060018E-002 -0.10410768198445471     
          89           0        -999        -999        -999  0.34091198208026335       0.19905009093929629     
          90           1   0.0000000000000000        58.000000000000000        60.000000000000000        2.8526252156280889        2.0242734522335706     
          91           1   0.0000000000000000        59.000000000000000        62.000000000000000        4.0091407120089464        2.7225575220722265     
          92           1   0.0000000000000000        55.000000000000000        78.000000000000000        2.6955914909084213        1.9203880441172927     
          93           1   0.0000000000000000        62.000000000000000        64.000000000000000        1.1217003239272287       0.83833395006472056     
          94           1   0.0000000000000000        58.000000000000000        63.000000000000000        2.6358564369790707        1.8171465688862907     
          95           0        -999        -999        -999  -2.0043570869330103       -1.4038675733624606     
          96           0        -999        -999        -999  -3.8866529966758587E-002  -2.8247699733946124E-002
          97           1   1.0000000000000000        69.000000000000000        68.000000000000000        5.3187057737481211E-002   5.0243302937904410E-002
          98           1   0.0000000000000000        65.000000000000000        63.000000000000000       0.48984352191206393       0.37382313470848161     
          99           1   1.0000000000000000        70.000000000000000        68.000000000000000       -2.5355362520581495       -1.7342709885378822     
         100           1   0.0000000000000000        74.000000000000000        69.000000000000000       -3.6481821249555515       -2.4925196583231450     
         101           0        -999        -999        -999  -1.2884726128410064      -0.80929670142358534     
         102           1   0.0000000000000000        64.000000000000000        68.000000000000000       0.50771713126741203       0.43295911643517776     
         103           1   0.0000000000000000        71.000000000000000        65.000000000000000       -2.5986779232030313       -1.7351827821292880     
         104           1   0.0000000000000000        67.000000000000000        64.000000000000000       0.43415935852957122       0.28126519331067457     
         105           0        -999        -999        -999 -0.27571388925537421      -0.18581694877576438     
         106           1   0.0000000000000000        67.000000000000000        62.000000000000000       -9.6302829579510099E-002  -6.4933714577371363E-002
         107           0        -999        -999        -999   2.4498616816746979        1.7720767311622310     
         108           1   0.0000000000000000        61.000000000000000        63.000000000000000        1.9804689901130039        1.3460266507452807     
         109           1   0.0000000000000000        72.000000000000000        67.000000000000000       -3.0572178038454809       -2.0706791600872547     
         110           0        -999        -999        -999   5.6180599816455006E-002   7.4920942788914036E-002
         111           0        -999        -999        -999  -2.8647727769506250       -1.9877645315118877     
         112           0        -999        -999        -999   2.8892666861200489        1.9674639725475385     
         113           1   0.0000000000000000        68.000000000000000        64.000000000000000      -0.12513919170592427      -0.11924457875891256     
         114           1   1.0000000000000000        70.000000000000000        70.000000000000000       -9.4317500474870392E-002  -2.8789383346993082E-002
         115           0        -999        -999        -999  -2.7341562139235069       -1.9168672935261446     
         116           1   0.0000000000000000        72.000000000000000        66.000000000000000       -2.7012751534245094       -1.8731186273079059     
         117           1   0.0000000000000000        59.000000000000000        63.000000000000000        3.3227810251568828        2.2461970221447149     
         118           1   0.0000000000000000        61.000000000000000        60.000000000000000        2.7066398055550773        1.9032674955009381     
         119           1   0.0000000000000000        63.000000000000000        62.000000000000000        1.6379090634744315        1.1254944435681791     
         120           1   1.0000000000000000        61.000000000000000        62.000000000000000        3.2136160501705642        2.1074519511352792     
         121           1   0.0000000000000000        72.000000000000000        64.000000000000000       -2.5388908488520254       -1.6617044433847337     
         122           0        -999        -999        -999  0.81780266241261357       0.65381133532931102     
         123           1   0.0000000000000000        71.000000000000000        66.000000000000000       -2.0635341253483448       -1.4057540685399739     
         124           1   0.0000000000000000        62.000000000000000        64.000000000000000       0.65014987668393531       0.42406370657231029     
         125           0        -999        -999        -999 -0.19503989195271187      -0.14107577845579392     
         126           1   0.0000000000000000        66.000000000000000        64.000000000000000       -9.7023117995126432E-002  -5.8867566085831255E-002
         127           0        -999        -999        -999  -1.8847136137314044       -1.2776670902378573     
         128           1   0.0000000000000000        68.000000000000000        64.000000000000000      -0.73316861105766673      -0.44624166235390716     
         129           1   1.0000000000000000        69.000000000000000        64.000000000000000      -0.78824135181159360      -0.50961988608281517     
         130           1   1.0000000000000000        64.000000000000000        64.000000000000000       0.59890577232573161       0.44311368544412133     
         131           0        -999        -999        -999 -0.75122685339923190      -0.48718467375447871     
         132           0        -999        -999        -999  0.36127276481523163       0.25283229454051670     
         133           1   0.0000000000000000        66.000000000000000        67.000000000000000      -0.84110576448089103      -0.57712405509052023     
         134           1   0.0000000000000000        61.000000000000000        62.000000000000000        2.1647669061401817        1.4524873960711444     
         135           0        -999        -999        -999  -1.8156553224029168       -1.2687062449586488     
         136           1   0.0000000000000000        80.000000000000000        78.000000000000000        9.8141682840380579E-002   6.7737435586446904E-002
         137           1   0.0000000000000000        70.000000000000000        64.000000000000000       -1.4979548128604514       -1.1172128609768561     
         138           1   0.0000000000000000        71.000000000000000        66.000000000000000       -1.7112319585334665       -1.1486308303866903     
         139           1   0.0000000000000000        60.000000000000000        60.000000000000000        3.7661245190324171        2.5608140909491475     
         140           0        -999        -999        -999   3.4776475717471174        2.4410253040637833     
         141           1   0.0000000000000000        68.000000000000000        64.000000000000000       -2.1134066027890634       -1.4437919309746561     
         142           1   0.0000000000000000        62.000000000000000        63.000000000000000        2.0422647380426908        1.4172553199207067     
         143           1   0.0000000000000000        62.000000000000000        61.000000000000000        2.4296885947954405        1.6902925919061675     
         144           1   0.0000000000000000        62.000000000000000        62.000000000000000        1.1874432459347186       0.77833906520576723     
         145           1   0.0000000000000000        63.000000000000000        63.000000000000000        1.1131952433454277       0.75247792481307274     
         146           1   0.0000000000000000        69.000000000000000        65.000000000000000       -1.3011991788519537      -0.84645518036370870     
         147           1   1.0000000000000000        74.000000000000000        69.000000000000000       -4.2077627776938780       -2.8929063151641774     
         148           1   0.0000000000000000        72.000000000000000        68.000000000000000       -2.9313854440609721       -1.9738149212741809     
         149           1   0.0000000000000000        63.000000000000000        63.000000000000000        3.2942742912313978E-002   5.7223708129117784E-002
         150           1   0.0000000000000000        70.000000000000000        66.000000000000000       -2.1377881884553660       -1.3622628995738728     
         151           1   0.0000000000000000        65.000000000000000        62.000000000000000       -5.4526895623102166E-002  -3.4094635603352692E-002
         152           1   0.0000000000000000        58.000000000000000        60.000000000000000        3.5260569172306195        2.3581201028646275     
         153           1   1.0000000000000000        60.000000000000000        61.000000000000000        3.1121924395922638        2.2404809942974491     
         154           0        -999        -999        -999  -2.1594237618939185       -1.4261976117608004     
         155           1   0.0000000000000000        71.000000000000000        66.000000000000000       -2.7504382395346711       -1.9283351081865774     
         156           1   0.0000000000000000        70.000000000000000        67.000000000000000       -1.7180521532102633       -1.1356996062290212     
         157           0        -999        -999        -999  -1.6699721885303576       -1.1945179046233623     
         158           0        -999        -999        -999  -4.7945282098718147       -3.3246029341923560     
         159           0        -999        -999        -999 -0.60534930388219910      -0.41331169820951863     
         160           0        -999        -999        -999  -1.8701674585807766       -1.3031329757505445     
         161           1   1.0000000000000000        62.000000000000000        61.000000000000000        2.0670250961061170        1.4963633122113276     
         162           1   0.0000000000000000        69.000000000000000        64.000000000000000       -2.1270314840475923       -1.4138355262171465     
         163           1   0.0000000000000000        62.000000000000000        62.000000000000000        2.8724530539008004        1.9922138358829578     
         164           1   0.0000000000000000        73.000000000000000        67.000000000000000       -2.7467052486120105       -1.8733070153394313     
         165           0        -999        -999        -999  0.17033496943258122        6.6119671244668304E-002
         166           1   0.0000000000000000        63.000000000000000        62.000000000000000        4.1621019181784797        2.9490469299593616     
         167           1   0.0000000000000000        68.000000000000000        66.000000000000000       -1.7798384517347179       -1.2692102554323721     
         168           0        -999        -999        -999 -0.96134154029978103      -0.66922906800668458     
         169           1   0.0000000000000000        69.000000000000000        64.000000000000000       -1.3647897725257752      -0.89705991463611912     
         170           1   0.0000000000000000        67.000000000000000        64.000000000000000      -0.97629748912990066      -0.75388183091813366     
         171           1   0.0000000000000000        64.000000000000000        64.000000000000000      -0.46850952007630342      -0.26882994585452563     
         172           1   0.0000000000000000        70.000000000000000        67.000000000000000       -2.3155673098990777       -1.6744665122819884     
         173           1   0.0000000000000000        67.000000000000000        65.000000000000000       -1.3449818980714179      -0.97073719742320330     
         174           1   0.0000000000000000        62.000000000000000        59.000000000000000        2.8850075006934253        1.8941492277286387     
         175           1   0.0000000000000000        64.000000000000000        62.000000000000000       0.30916248680578357       0.21124396713647783     
         176           0        -999        -999        -999  -1.4147663574233302      -0.95776274239317161     
         177           1   0.0000000000000000        63.000000000000000        65.000000000000000       -8.8515543561266453E-004  -4.3468382391365946E-003
         178           1   0.0000000000000000        62.000000000000000        60.000000000000000        2.0464532992344795        1.3695962931484629     
         179           1   0.0000000000000000        63.000000000000000        64.000000000000000       0.26771114018588377       0.18215276752856879     
         180           1   0.0000000000000000        62.000000000000000        62.000000000000000        1.3013685504072661       0.91440975894151133     
         181           1   0.0000000000000000        67.000000000000000        67.000000000000000       -1.5389250067791560       -1.0713251486422661     
         182           1   0.0000000000000000        62.000000000000000        61.000000000000000        1.9854733132779976        1.4214841139782308     
         183           0        -999        -999        -999 -0.81653512583640309      -0.54250016816625046     
         184           0        -999        -999        -999 -0.56159327087864908      -0.41057427425468163     
         185           0        -999        -999        -999   1.0366763299404063       0.69444160187472748     
         186           0        -999        -999        -999   4.1057983082215488        2.7842985475103408     
         187           1   0.0000000000000000        71.000000000000000        68.000000000000000       -3.3958342684093838       -2.3303153132899554     
         188           1   1.0000000000000000        68.000000000000000        65.000000000000000       -1.9905597602911664       -1.4165927238457052     
         189           0        -999        -999        -999  -2.8236877646542480E-002  -7.2229736298232594E-002
         190           1   0.0000000000000000        58.000000000000000        65.000000000000000        3.5011954479117575        2.5787732555912375     
         191           1   0.0000000000000000        74.000000000000000        69.000000000000000       -4.0693980459295576       -2.7921646125737269     
         192           1   0.0000000000000000        62.000000000000000        62.000000000000000        2.4832222694013906        1.6322908121349164     
         193           1   0.0000000000000000        62.000000000000000        61.000000000000000        2.1006262047633446        1.4790953981183350     
         194           1   0.0000000000000000        68.000000000000000        64.000000000000000      -0.26547546337880157      -0.13095530001650960     
         195           1   0.0000000000000000        70.000000000000000        65.000000000000000       -2.3893356798770635       -1.6545509521466766     
         196           1   0.0000000000000000        58.000000000000000        60.000000000000000        2.8878054428335083        2.0430657185451864     
         197           1   0.0000000000000000        57.000000000000000        61.000000000000000        3.4933972293892879        2.4016057749182922     
         198           1   0.0000000000000000        71.000000000000000        66.000000000000000       -3.9950845683592418       -2.7163340995552767     
         199           0        -999        -999        -999  -2.7290714794640309       -1.8857620409839737     
         200           1   0.0000000000000000        62.000000000000000        63.000000000000000        1.1439338753685815       0.79138628543165279     
         201           1   0.0000000000000000        60.000000000000000        60.000000000000000        3.0708478171786009        2.1053371553554130     
         202           1   0.0000000000000000        69.000000000000000        64.000000000000000      -0.78425538708189335      -0.48348170383961175     
         203           1   1.0000000000000000        70.000000000000000        67.000000000000000       -2.2929228416430201       -1.6430087980877268     
         204           1   1.0000000000000000        59.000000000000000        59.000000000000000        3.9002986845445533        2.6992431282867466     
         205           0        -999        -999        -999   1.3395688302335254       0.93739623807274741     
         206           1   0.0000000000000000        63.000000000000000        63.000000000000000        1.1463040721147653       0.75736460628359381     
         207           1   0.0000000000000000        63.000000000000000        63.000000000000000       0.88334857539668510       0.63293464138580025     
         208           1   0.0000000000000000        65.000000000000000        63.000000000000000       -1.0938710976388839E-002  -9.1108873192533469E-004
         209           1   0.0000000000000000        60.000000000000000        62.000000000000000        2.3349313929011610        1.6502950564756733     
         210           1   0.0000000000000000        64.000000000000000        64.000000000000000       -4.7955783220227081E-002  -8.5856893810073484E-002
         211           1   0.0000000000000000        73.000000000000000        68.000000000000000       -3.2491652203884156       -2.3046383116842937     
         212           1   0.0000000000000000        70.000000000000000        65.000000000000000       -2.4297128750330472       -1.6682085744046291     
         213           1   1.0000000000000000        62.000000000000000        60.000000000000000        2.3676463080226795        1.5626552370452518     
         214           1   0.0000000000000000        68.000000000000000        65.000000000000000       -1.2790780608242398      -0.91278756971790298     
         215           1   0.0000000000000000        69.000000000000000        65.000000000000000       -2.2975388381816875       -1.6305293424131759     
         216           1   0.0000000000000000        69.000000000000000        65.000000000000000       -2.3243859417606965       -1.6217755271267660     
         217           1   1.0000000000000000        64.000000000000000        63.000000000000000       0.16407440588410988       0.12965892419472738     
         218           1   0.0000000000000000        60.000000000000000        61.000000000000000        2.2443907733896746        1.6125529292070824     
         219           1   0.0000000000000000        61.000000000000000        65.000000000000000        1.9942514676781840        1.4307149798675787     
         220           1   0.0000000000000000        67.000000000000000        67.000000000000000       -2.0533686763492569       -1.3550693608546995     
         221           1   1.0000000000000000        62.000000000000000        62.000000000000000        1.7960483965112646        1.2313967859298289     
         222           1   0.0000000000000000        65.000000000000000        63.000000000000000      -0.39263297674299963      -0.27248503549375003     
         223           1   0.0000000000000000        62.000000000000000        61.000000000000000        2.0947795976033587        1.5310146400334728     
         224           1   0.0000000000000000        67.000000000000000        65.000000000000000       -1.4289710495609516      -0.95015750100151275     
         225           1   1.0000000000000000        63.000000000000000        62.000000000000000       0.35492489518884135       0.28674088228866562     
         226           0        -999        -999        -999 -0.78973944562216825      -0.55100261501298620     
         227           0        -999        -999        -999  0.69143134273449303       0.48400421956263107     
         228           1   0.0000000000000000        67.000000000000000        64.000000000000000        1.7547233280937806        1.1820274425337649     
         229           1   0.0000000000000000        63.000000000000000        62.000000000000000       -3.5838521115891073E-002  -5.9606945430809421E-003
         230           0        -999        -999        -999  -2.0591038287131300       -1.3910006547124503     
         231           1   0.0000000000000000        62.000000000000000        61.000000000000000        2.1504680077456286        1.5196567075986145     
         232           0        -999        -999        -999  -1.2907852291092998      -0.90441463930510968     
         233           1   0.0000000000000000        70.000000000000000        65.000000000000000       -2.3667990968490464       -1.6085845467612541     
         234           1   0.0000000000000000        65.000000000000000        64.000000000000000        1.9218619362918053E-002  -1.2870155024913789E-002
         235           1   0.0000000000000000        72.000000000000000        69.000000000000000       -3.8417641856545406       -2.7483742097692181     
         236           1   0.0000000000000000        69.000000000000000        65.000000000000000       -2.2136463670716138       -1.5949199494479780     
         237           1   1.0000000000000000        57.000000000000000        60.000000000000000        2.4731797291835291        1.7931718677160919     
         238           1   0.0000000000000000        57.000000000000000        59.000000000000000        3.8493166573665674        2.7147814269091488     
         239           1   0.0000000000000000        58.000000000000000        63.000000000000000        1.2827860260731025       0.82201580744067915     
         240           1   0.0000000000000000        69.000000000000000        65.000000000000000       -2.2968780703583054       -1.5999984465595596     
         241           1   1.0000000000000000        68.000000000000000        64.000000000000000       -1.7069744792770560       -1.1237591554600761     
         242           0        -999        -999        -999 -0.54335870933555708      -0.45238648527206321     
         243           0        -999        -999        -999 -0.46522212645766009      -0.31577867956811745     
         244           1   0.0000000000000000        71.000000000000000        65.000000000000000       -2.4488942058237724       -1.6946983478454587     
         245           0        -999        -999        -999   2.5989185796735956        1.7537143309338543     
         246           0        -999        -999        -999  -3.1056909992926176E-002   3.9256656770415635E-002
         247           1   0.0000000000000000        62.000000000000000        61.000000000000000        1.7661975163061203        1.2417380559408715     
         248           1   0.0000000000000000        62.000000000000000        60.000000000000000        3.0300452539790181        2.1122982569024398     
         249           1   0.0000000000000000        68.000000000000000        62.000000000000000      -0.29043052636485067      -0.22580239972384500     
         250           1   0.0000000000000000        69.000000000000000        69.000000000000000       -1.8463210847292431       -1.2631115568265014     
         251           1   0.0000000000000000        57.000000000000000        59.000000000000000        4.6301378471771173        3.2227094764536837     
         252           1   0.0000000000000000        64.000000000000000        62.000000000000000       0.55722499407378479       0.33647479509756706     
         253           1   0.0000000000000000        68.000000000000000        67.000000000000000      -0.97974067749520244      -0.68180582133512346     
         254           0        -999        -999        -999   1.0930402699833224       0.74970628075374934     
         255           1   0.0000000000000000        65.000000000000000        64.000000000000000      -0.20151585031920072      -0.10267210994915194     
         256           0        -999        -999        -999  -2.8810115392759172       -2.0299975177332557     
         257           1   0.0000000000000000        62.000000000000000        62.000000000000000        1.7548919304286943        1.2264790661031326     
         258           1   0.0000000000000000        62.000000000000000        61.000000000000000        1.4991799754075152        1.1081552255136893     
         259           1   1.0000000000000000        67.000000000000000        65.000000000000000      -0.25994758431431370       -9.4058279613562515E-002
         260           1   0.0000000000000000        73.000000000000000        69.000000000000000       -4.7601985157721147       -3.2642021772507461     
         261           1   0.0000000000000000        62.000000000000000        62.000000000000000        1.5187999620592953       0.99926638439705340     
         262           1   0.0000000000000000        68.000000000000000        63.000000000000000       -1.0308686849077475      -0.71011316182270401     
         263           1   0.0000000000000000        60.000000000000000        60.000000000000000        2.8273952851377029        2.0759257295949438     
         264           1   0.0000000000000000        73.000000000000000        67.000000000000000       -2.9380362808262870       -2.0363340086688861     
         265           1   0.0000000000000000        57.000000000000000        61.000000000000000        3.8270307642720458        2.6059524601872175     
         266           1   0.0000000000000000        69.000000000000000        65.000000000000000       -2.4143459723513350       -1.6784587494877536     
         267           1   0.0000000000000000        56.000000000000000        56.000000000000000        5.4624711684068155        3.8377208337123121     
         268           1   0.0000000000000000        62.000000000000000        63.000000000000000       0.65671873452744256       0.52049371088244389     
         269           1   0.0000000000000000        61.000000000000000        58.000000000000000        4.0073393654453469        2.8527590351750614     
         270           1   0.0000000000000000        63.000000000000000        61.000000000000000        1.4876879310512643        1.0534747639108573     
         271           1   0.0000000000000000        63.000000000000000        64.000000000000000       0.22499172597705414       0.12076034231523927     
         272           0        -999        -999        -999  0.29834748414578127       0.23292656798575212     
         273           1   0.0000000000000000        64.000000000000000        64.000000000000000       0.26580539619979787       0.19675244457487565     
         274           1   0.0000000000000000        74.000000000000000        69.000000000000000        1.5551366799912933        1.0766994453793193     
         275           1   0.0000000000000000        68.000000000000000        65.000000000000000      -0.92812767478707014      -0.69363939629218263     
         276           1   0.0000000000000000        62.000000000000000        62.000000000000000       0.39632738513347471       0.25527164170137129     
         277           0        -999        -999        -999  -5.4627224743233914E-002  -8.3788638882388980E-002
         278           1   0.0000000000000000        71.000000000000000        67.000000000000000       -2.8402321739545018       -1.9691952601841189     
         279           1   0.0000000000000000        73.000000000000000        68.000000000000000       -4.1761569174557396       -2.9477695593832003     
         280           1   0.0000000000000000        68.000000000000000        65.000000000000000       -1.6256042165409215       -1.1082515437532128     
         281           1   0.0000000000000000        68.000000000000000        65.000000000000000      -0.98686409843452083      -0.63956920243121518     
         282           1   0.0000000000000000        57.000000000000000        60.000000000000000        4.2798127062559610        2.9384027863400108     
         283           1   0.0000000000000000        69.000000000000000        66.000000000000000       -1.4781507193736865       -1.0186315088634461     
         284           1   0.0000000000000000        61.000000000000000        62.000000000000000        2.3634493425786811        1.6821085789352788     
         285           1   0.0000000000000000        62.000000000000000        61.000000000000000        2.0811646857874586        1.4511446497416287     
         286           1   0.0000000000000000        70.000000000000000        65.000000000000000       -2.2995083815796331       -1.5467050208098576     
         287           1   0.0000000000000000        71.000000000000000        66.000000000000000       -1.9283634842680624       -1.3707745462866279     
         288           1   0.0000000000000000        70.000000000000000        65.000000000000000       -1.9577852166566290       -1.3284659287821119     
         289           1   0.0000000000000000        61.000000000000000        62.000000000000000        3.0304159610382815        2.0150880590724873     
         290           0        -999        -999        -999  -2.2670385578958858       -1.5630881792545026     
         291           0        -999        -999        -999  -4.1108894644736127       -2.8666334043836503     
         292           1   0.0000000000000000        71.000000000000000        67.000000000000000       -2.4020817095490314       -1.6125339434830011     
         293           1   0.0000000000000000        70.000000000000000        66.000000000000000       -2.4477025239428265       -1.7033252034725732     
         294           1   0.0000000000000000        62.000000000000000        61.000000000000000        1.9554829491043293        1.3335372166692998     
         295           1   0.0000000000000000        66.000000000000000        64.000000000000000      -0.75570492068919182      -0.44057334846193669     
         296           0        -999        -999        -999  0.33884437065717676       0.20738430006047193     
         297           1   1.0000000000000000        73.000000000000000        68.000000000000000       -3.5593881006752044       -2.3899646750790420     
         298           1   0.0000000000000000        68.000000000000000        72.000000000000000       -2.5182037323490185       -1.7542845509506377     
         299           1   1.0000000000000000        69.000000000000000        64.000000000000000       -2.0667064632711640       -1.4150337563698119     
         300           1   0.0000000000000000        69.000000000000000        65.000000000000000      -0.99935541869005495      -0.64898609217971526     
         301           1   1.0000000000000000        62.000000000000000        62.000000000000000        2.7231432115974026        1.9365224709924760     
         302           1   0.0000000000000000        68.000000000000000        68.000000000000000       -2.5363080549587256       -1.7637194906212337     
         303           1   0.0000000000000000        69.000000000000000        64.000000000000000       -1.2896061461084574      -0.91196411381217590     
         304           1   0.0000000000000000        74.000000000000000        70.000000000000000       -4.0042471146060237       -2.7984106064838250     
         305           1   0.0000000000000000        62.000000000000000        62.000000000000000        1.4897863921137773        1.0193577571905568     
         306           1   0.0000000000000000        63.000000000000000        64.000000000000000       0.17445292067231094        8.8510265877557628E-002
         307           0        -999        -999        -999   2.0003523630422020        1.4421719756290852     
         308           1   0.0000000000000000        62.000000000000000        62.000000000000000        1.1764312953552685       0.82443120840182160     
         309           1   0.0000000000000000        70.000000000000000        65.000000000000000       -1.5456432900887052       -1.0858074735509995     
         310           1   0.0000000000000000        67.000000000000000        67.000000000000000       -1.2179413439010871      -0.89204596341398001     
         311           1   0.0000000000000000        62.000000000000000        62.000000000000000        1.8227634770093082        1.2555271267955808     
         312           1   1.0000000000000000        62.000000000000000        59.000000000000000        1.8178541111120301        1.2141044184657335     
         313           1   0.0000000000000000        70.000000000000000        68.000000000000000       -1.7740521747326483       -1.2164978635296368     
         314           0        -999        -999        -999  -1.1121390868543599      -0.74716702581662586     
         315           1   1.0000000000000000        66.000000000000000        65.000000000000000      -0.36529064113836340      -0.31250140107601554     
         316           1   0.0000000000000000        72.000000000000000        65.000000000000000       -2.0733750107963633       -1.3702438378087940     
         317           0        -999        -999        -999  -1.4436506179234621       -1.0029209816920699     
         318           1   0.0000000000000000        62.000000000000000        63.000000000000000        7.8554956630716571E-002   2.9693083703646286E-002
         319           1   0.0000000000000000        73.000000000000000        69.000000000000000       -3.3478367450638054       -2.3322765964702610     
         320           0        -999        -999        -999   3.2942775344758788        2.3874177494362461     
         321           1   0.0000000000000000        60.000000000000000        62.000000000000000        2.7598560068639779        1.8932672622071001     
         322           0        -999        -999        -999  0.38562568559021815       0.22248297051135676     
         323           0        -999        -999        -999  -3.1365972585315314       -2.2181575945756138     
         324           1   1.0000000000000000        65.000000000000000        64.000000000000000       0.30954205832806653       0.22034026593609674     
         325           1   0.0000000000000000        69.000000000000000        66.000000000000000       -2.1644989691657157       -1.5151073256811940     
         326           0        -999        -999        -999  0.53988672576411434       0.35320436862239157     
         327           1   0.0000000000000000        62.000000000000000        61.000000000000000        1.7925730852282711        1.2450546779614065     
         328           1   0.0000000000000000        70.000000000000000        63.000000000000000       -1.1146879070369919      -0.68465545525849025     
         329           1   0.0000000000000000        65.000000000000000        60.000000000000000       0.71101611576453683       0.48470460749934879     
         330           1   0.0000000000000000        73.000000000000000        70.000000000000000       -4.0132843584869633       -2.6537450601362162     
         331           0        -999        -999        -999 -0.18449221023602058      -0.20082470382078565     
         332           1   0.0000000000000000        62.000000000000000        60.000000000000000        2.1012389744551911        1.4259585217357158     
         333           1   0.0000000000000000        62.000000000000000        63.000000000000000       0.69856969383290080       0.48656784528085040     
         334           1   0.0000000000000000        72.000000000000000        68.000000000000000       -3.7836838800602703       -2.7151109119306653     
         335           1   0.0000000000000000        67.000000000000000        65.000000000000000       -1.0695993755795064      -0.83150619894205002     
         336           0        -999        -999        -999   1.4245501097661335        1.0102791517138634     
         337           1   0.0000000000000000        70.000000000000000        62.000000000000000       0.46988654564653065       0.36010784094845505     
         338           0        -999        -999        -999  -3.0047488612644639       -2.0816825349702555     
         339           1   0.0000000000000000        60.000000000000000        59.000000000000000        2.6617647254523011        1.8875780671204883     
         340           1   0.0000000000000000        67.000000000000000        63.000000000000000       0.10607481622619370       0.12044242854067159     
         341           1   0.0000000000000000        72.000000000000000        67.000000000000000       -4.2434876587943107       -2.9798788215365750     
         342           1   0.0000000000000000        73.000000000000000        69.000000000000000       -3.4208464694689895       -2.3415209460635453     
         343           1   0.0000000000000000        61.000000000000000        62.000000000000000        1.7685300357372558        1.2300741215729307     
         344           1   0.0000000000000000        67.000000000000000        61.000000000000000       0.57781888217570565       0.41397703663013546     
         345           0        -999        -999        -999   2.2206996677848014        1.5771690286686728     
         346           1   0.0000000000000000        72.000000000000000        67.000000000000000       -3.3909877272419640       -2.3433016193471174     
         347           1   0.0000000000000000        68.000000000000000        68.000000000000000       -2.6612580390184069       -1.8803024427827735     
         348           0        -999        -999        -999  -1.7189203258642027       -1.1668702169833460     
         349           1   0.0000000000000000        62.000000000000000        61.000000000000000        1.5127097390317528        1.0567442022045896     
         350           1   0.0000000000000000        65.000000000000000        64.000000000000000      -0.54100457317144235      -0.41612915570173953     
         351           1   1.0000000000000000        62.000000000000000        62.000000000000000        1.5070041333023574        1.0529057561200639     
         352           0        -999        -999        -999   2.1072672234889951        1.4558237734359556     
         353           1   0.0000000000000000        68.000000000000000        64.000000000000000       -6.5485522150232650E-002  -2.1209441327943716E-002
         354           1   0.0000000000000000        69.000000000000000        67.000000000000000       -1.9383364053399703       -1.3146715407564349     
         355           1   0.0000000000000000        61.000000000000000        61.000000000000000        2.4182824830027250        1.6332344911037253     
         356           1   0.0000000000000000        71.000000000000000        67.000000000000000       -2.8169931093131817       -1.9338172932721591     
         357           1   0.0000000000000000        67.000000000000000        63.000000000000000      -0.34784903575324549      -0.23069300795680586     
         358           1   0.0000000000000000        76.000000000000000        69.000000000000000       -3.4632647445465725       -2.3812195859320906     
         359           0        -999        -999        -999 -0.71252156643173203      -0.48927595141301639     
         360           1   0.0000000000000000        68.000000000000000        62.000000000000000       -1.2984793337851843      -0.90366628743208255     
         361           1   0.0000000000000000        70.000000000000000        64.000000000000000       -2.3613148503035850       -1.5725864591533818     
         362           1   0.0000000000000000        62.000000000000000        59.000000000000000        2.1796216647495497        1.5302972881405479     
         363           0        -999        -999        -999   3.7942548578197579        2.5987009071109095     
         364           0        -999        -999        -999  -1.5581317816361340       -1.0159197874512464     
         365           1   0.0000000000000000        68.000000000000000        67.000000000000000       -1.6953209400897393       -1.1837446758626238     
         366           0        -999        -999        -999   1.9884890834772977        1.3977290123254611     
         367           1   0.0000000000000000        67.000000000000000        64.000000000000000      -0.56796843640315475      -0.37083137038898945     
         368           1   0.0000000000000000        73.000000000000000        69.000000000000000       -3.8652286316457487       -2.7287890584369712     
         369           0        -999        -999        -999   1.0374192547012639       0.66675036718902803     
         370           1   0.0000000000000000        71.000000000000000        67.000000000000000       -3.0945360280143785       -2.1770544554768088     
         371           1   0.0000000000000000        64.000000000000000        64.000000000000000       0.26726674634770137        7.2386133630995414E-002
         372           0        -999        -999        -999   2.1587819859752515        1.4787190631656679     
         373           1   0.0000000000000000        65.000000000000000        65.000000000000000      -0.94211935671406399      -0.78069451319292371     
         374           1   0.0000000000000000        61.000000000000000        62.000000000000000        2.0292696153464123        1.4229992475454707     
         375           1   1.0000000000000000        67.000000000000000        66.000000000000000      -0.68012299424375200      -0.51188931197662968     
         376           1   0.0000000000000000        69.000000000000000        64.000000000000000       0.77458878036707290       0.48339010437763774     
         377           1   0.0000000000000000        64.000000000000000        63.000000000000000        3.8051369463632588E-003  -5.1338282665758343E-002
         378           1   1.0000000000000000        61.000000000000000        60.000000000000000        3.7394314372849693        2.5189944826058923     
         379           1   1.0000000000000000        68.000000000000000        66.000000000000000       -1.3101077051539527      -0.95661482364307915     
         380           1   0.0000000000000000        62.000000000000000        63.000000000000000        1.0949507745083265       0.77249379354486436     
         381           1   0.0000000000000000        70.000000000000000        65.000000000000000       -1.4957622109147273       -1.0300789678301558     
         382           1   0.0000000000000000        69.000000000000000        64.000000000000000      -0.98912258890178817      -0.64237378126986855     
         383           1   0.0000000000000000        62.000000000000000        62.000000000000000        2.0647094189896138        1.4047353161736515     
         384           1   0.0000000000000000        72.000000000000000        67.000000000000000       -3.7363048103094809       -2.5036180513367001     
         385           1   0.0000000000000000        72.000000000000000        69.000000000000000       -3.1573835488152144       -2.1879705211140879     
         386           0        -999        -999        -999   1.8795751235251874        1.3088970769509247     
         387           0        -999        -999        -999   1.3163808794842426       0.87549988304387572     
         388           1   0.0000000000000000        63.000000000000000        62.000000000000000        1.4333062552282871        1.0492102132882883     
         389           0        -999        -999        -999   2.8157809666361322        1.9618114850151236     
         390           1   0.0000000000000000        66.000000000000000        64.000000000000000      -0.25710009913035886      -0.22643426932990107     
         391           0        -999        -999        -999 -0.82678886111794514      -0.50430860366520358     
         392           1   0.0000000000000000        58.000000000000000        58.000000000000000        4.2654452474483273        2.8487318288471370     
         393           1   1.0000000000000000        72.000000000000000        67.000000000000000       -2.3668334264759436       -1.6788557923029805     
         394           1   0.0000000000000000        61.000000000000000        65.000000000000000       0.18758667949742081        6.4800177714705504E-002
         395           1   0.0000000000000000        64.000000000000000        65.000000000000000       -8.1395738104764831E-002  -9.7091707879998393E-002
         396           1   1.0000000000000000        57.000000000000000        55.000000000000000        7.3537014561161671        5.0924129012664148     
         397           0        -999        -999        -999  0.45909474670073019       0.29802543889525973     
         398           1   1.0000000000000000        62.000000000000000        62.000000000000000        1.8666373734921045        1.3296815399858815     
         399           1   0.0000000000000000        58.000000000000000        59.000000000000000        4.6353556680555208        3.2035512627912119     
         400           1   0.0000000000000000        66.000000000000000        69.000000000000000      -0.46007381142880144      -0.28431461284229353     
         401           1   0.0000000000000000        71.000000000000000        66.000000000000000       -2.9179919042716755       -1.8819835376297382     
         402           1   0.0000000000000000        65.000000000000000        63.000000000000000      -0.87313712236952368      -0.60025262010995895     
         403           1   0.0000000000000000        73.000000000000000        68.000000000000000       -3.4596049730199336       -2.4333091297784857     
         404           1   1.0000000000000000        65.000000000000000        64.000000000000000      -0.19918658198081515      -0.10406595236392865     
         405           1   0.0000000000000000        62.000000000000000        62.000000000000000        2.1242175141344428        1.4966575712732035     
         406           0        -999        -999        -999  0.64902623201103038       0.36390177742548241     
         407           0        -999        -999        -999  -2.1046099334702570       -1.4678058201333133     
         408           1   0.0000000000000000        66.000000000000000        64.000000000000000       -1.5513573551612689       -1.0202606737616271     
         409           1   0.0000000000000000        62.000000000000000        62.000000000000000        2.3802696834513379        1.6091219204983787     
         410           1   1.0000000000000000        62.000000000000000        60.000000000000000        2.3987338109754441        1.6826242942703047     
         411           0        -999        -999        -999  -1.0159524726442597      -0.68444875288653950     
         412           1   0.0000000000000000        72.000000000000000        69.000000000000000       -3.9019973322375967       -2.7743932313515307     
         413           1   1.0000000000000000        68.000000000000000        64.000000000000000      -0.68608018322444875      -0.48773239115978867     
         414           1   0.0000000000000000        70.000000000000000        78.000000000000000       -3.7517637772647983       -2.6059117186377962     
         415           1   0.0000000000000000        64.000000000000000        65.000000000000000       -8.1977770936927985E-002  -9.9192319865231984E-002
         416           1   0.0000000000000000        58.000000000000000        63.000000000000000        2.3609461564392977        1.5895283310058901     
         417           0        -999        -999        -999  -1.0389308557884043      -0.70865853680137070     
         418           0        -999        -999        -999  0.52870564280643906       0.37859962946207021     
         419           1   0.0000000000000000        73.000000000000000        68.000000000000000       -3.4199798131213912       -2.3596255797446930     
         420           1   0.0000000000000000        71.000000000000000        66.000000000000000       -3.5544408088209183       -2.4119728053680927     
         421           1   0.0000000000000000        68.000000000000000        62.000000000000000       0.76086128507350781       0.51645827364378727     
         422           0        -999        -999        -999 -0.87092524728068776      -0.55369470707520296     
         423           1   0.0000000000000000        62.000000000000000        60.000000000000000        2.2221681688972628        1.6280833397292680     
         424           1   0.0000000000000000        72.000000000000000        66.000000000000000       -2.3348346828212518       -1.5875711410730518     
         425           1   0.0000000000000000        67.000000000000000        64.000000000000000      -0.52271830600859970      -0.39186967406957007     
         426           1   0.0000000000000000        73.000000000000000        66.000000000000000       -3.1258952218914380       -2.1848214721104329     
         427           1   0.0000000000000000        73.000000000000000        67.000000000000000       -3.4696701801403989       -2.3315482185611147     
         428           1   0.0000000000000000        70.000000000000000        65.000000000000000       -1.7027147155114901       -1.2555679310797807     
         429           1   0.0000000000000000        75.000000000000000        69.000000000000000       -2.7025323203894640       -1.8573238056350843     
         430           0        -999        -999        -999   2.3336127065308028        1.5321432473626584     
         431           0        -999        -999        -999  0.78143579307707189       0.50120953540803259     
         432           1   1.0000000000000000        62.000000000000000        61.000000000000000        2.1619210263805448        1.4999895846163067     
         433           1   0.0000000000000000        69.000000000000000        67.000000000000000      -0.19248747111008616      -0.16799291885091727     
         434           1   0.0000000000000000        71.000000000000000        65.000000000000000       -2.2519368213282025       -1.5324346085673894     
         435           0        -999        -999        -999  -3.2678807045881424       -2.2895351133288884     
         436           1   1.0000000000000000        64.000000000000000        62.000000000000000        5.4315492479577288E-002   8.9526679332602221E-002
         437           1   0.0000000000000000        65.000000000000000        67.000000000000000      -0.33508398538529799      -0.17875297256781095     
         438           1   0.0000000000000000        62.000000000000000        62.000000000000000        1.4242645442001185       0.91777607120709448     
         439           1   1.0000000000000000        61.000000000000000        62.000000000000000        2.3763365639087377        1.7238504835648507     
         440           1   0.0000000000000000        69.000000000000000        63.000000000000000      -0.78474627342488912      -0.55462517722777749     
         441           1   1.0000000000000000        61.000000000000000        61.000000000000000        3.3549128600959763        2.2889633363070154     
         442           1   0.0000000000000000        71.000000000000000        69.000000000000000       -2.8011483688207051       -1.8916229762953067     
         443           0        -999        -999        -999  -3.2485183545877505       -2.2141873877968332     
         444           0        -999        -999        -999  -1.9573073739082085       -1.3751581384831777     
         445           0        -999        -999        -999   1.9898555244285399        1.3797991156006841     
         446           1   0.0000000000000000        67.000000000000000        64.000000000000000      -0.19328333773838183      -0.11366953167707983     
         447           1   0.0000000000000000        66.000000000000000        64.000000000000000      -0.29031712213369781      -0.24527479953290887     
         448           1   0.0000000000000000        62.000000000000000        61.000000000000000        2.0913688644630746        1.4579554395244418     
         449           1   0.0000000000000000        59.000000000000000        60.000000000000000        3.2216035892661568        2.1620130200042511     
         450           0        -999        -999        -999 -0.79944130307504724      -0.53695438600460033     
         451           0        -999        -999        -999  -3.2262033986149663       -2.2361814884632762     
         452           1   0.0000000000000000        62.000000000000000        62.000000000000000        1.4338871725142619       0.97849206982850778     
         453           1   0.0000000000000000        68.000000000000000        65.000000000000000       -1.6606587685742351       -1.1301833600892794     
         454           1   0.0000000000000000        67.000000000000000        64.000000000000000      -0.77351974342636309      -0.61360199950503991     
         455           1   0.0000000000000000        74.000000000000000        67.000000000000000       -3.6501938829664766       -2.4961808514864390     
         456           1   0.0000000000000000        69.000000000000000        63.000000000000000      -0.90441736064439748      -0.58797486222691508     
         457           1   0.0000000000000000        60.000000000000000        61.000000000000000        3.4018993965454087        2.3332324664841413     
         458           0        -999        -999        -999  -2.5246925421844293       -1.7829507628959282     
         459           0        -999        -999        -999  -2.4897310002855888       -1.6883813868689788     
         460           1   0.0000000000000000        72.000000000000000        67.000000000000000       -3.1047490769350317       -2.1923518391896581     
         461           1   0.0000000000000000        71.000000000000000        68.000000000000000       -3.0993462116683572       -2.1486913123163838     
         462           1   0.0000000000000000        74.000000000000000        70.000000000000000       -4.6967207118210288       -3.2939165053217936     
         463           1   0.0000000000000000        66.000000000000000        63.000000000000000      -0.46480586043878147      -0.38161438055114666     
         464           1   0.0000000000000000        62.000000000000000        65.000000000000000        1.6898090932520426        1.1666559667752743     
         465           1   0.0000000000000000        64.000000000000000        64.000000000000000        1.6310517327347140        1.0938930636513853     
         466           1   0.0000000000000000        67.000000000000000        66.000000000000000      -0.66202184736584524      -0.42844075766823125     
         467           0        -999        -999        -999  0.80039880367930050       0.48843519085048120     
         468           1   0.0000000000000000        64.000000000000000        62.000000000000000       0.40618988630542946       0.33087314806908835     
         469           0        -999        -999        -999   2.5683759515731226        1.8493762994706000     
         470           0        -999        -999        -999   4.6005004264206929E-002   2.4619143929998720E-002
         471           0        -999        -999        -999   2.5143558142604401        1.7743955285950215     
         472           1   0.0000000000000000        62.000000000000000        62.000000000000000        1.5187226750483007        1.0057357813819205     
         473           1   0.0000000000000000        72.000000000000000        65.000000000000000       0.16098260442139226       0.11149078581453598     
         474           1   1.0000000000000000        59.000000000000000        59.000000000000000        3.8282053349350571        2.5837062852591304     
         475           1   1.0000000000000000        62.000000000000000        61.000000000000000        1.6656010265398644        1.1430733526450263     
         476           1   0.0000000000000000        70.000000000000000        64.000000000000000       -1.8950339623216772E-003  -1.8195643126667077E-002
         477           1   1.0000000000000000        62.000000000000000        62.000000000000000        5.0374349661792763        3.5736131412095888     
         478           1   0.0000000000000000        68.000000000000000        64.000000000000000      -0.12333875080339583      -0.11116380946333557     
         479           1   0.0000000000000000        60.000000000000000        63.000000000000000        1.9127255450623490        1.3045352359986671     
         480           0        -999        -999        -999   1.8409905877653256        1.2792085234248094     
         481           0        -999        -999        -999  -3.3349710277640336       -2.3966222689796792     
         482           1   0.0000000000000000        65.000000000000000        63.000000000000000      -0.52497478487248628      -0.34193817247794706     
         483           0        -999        -999        -999 -0.70853416966990135      -0.46796195755230569     
         484           1   0.0000000000000000        72.000000000000000        68.000000000000000       -4.0135540489606658       -2.6834307155229600     
         485           1   0.0000000000000000        61.000000000000000        58.000000000000000        3.5325926963464100        2.4388718527081306     
         486           0        -999        -999        -999  -3.1435582089558198       -2.1859021277770450     
         487           1   0.0000000000000000        64.000000000000000        67.000000000000000      -0.17069020235753762      -0.12394543898388775     
         488           1   0.0000000000000000        62.000000000000000        60.000000000000000        2.3164000112920760        1.5919386098847808     
         489           0        -999        -999        -999  -3.6338463643772290       -2.4652662019200466     
         490           0        -999        -999        -999  -1.3892743596303805      -0.90442793191350868     
         491           1   0.0000000000000000        59.000000000000000        63.000000000000000        2.3904190127682772        1.6828830568270425     
         492           0        -999        -999        -999  -3.1116102930747735       -2.1757794979899443     
         493           1   0.0000000000000000        65.000000000000000        63.000000000000000        9.3817008235405022E-002  0.10674848982726452     
         494           0        -999        -999        -999  -3.3774297596748046       -2.3082134831549954     
         495           1   0.0000000000000000        61.000000000000000        67.000000000000000        1.9603356557659364        1.3811374329753783     
         496           1   0.0000000000000000        70.000000000000000        67.000000000000000       -2.5871204601733671       -1.7758020334899964     
         497           1   0.0000000000000000        58.000000000000000        58.000000000000000        5.0926635868086798        3.6070615352726012     
         498           1   0.0000000000000000        65.000000000000000        62.000000000000000        1.2046403972634670E-002   2.1288770713453444E-002
         499           1   0.0000000000000000        60.000000000000000        60.000000000000000        3.1606166992743390        2.1855060686387886     
         500           1   0.0000000000000000        70.000000000000000        67.000000000000000       -1.8299334670012519       -1.2770397427296920     
         501           1   0.0000000000000000        72.000000000000000        67.000000000000000       -2.9646727514364373       -2.0704425463222353     
         502           1   0.0000000000000000        65.000000000000000        64.000000000000000      -0.18948110532736309      -0.10877345498548890     
         503           1   0.0000000000000000        69.000000000000000        63.000000000000000       -1.8274564352348341       -1.2716016372358181     
         504           0        -999        -999        -999 -0.94242734567019537      -0.63761702533381237     
         505           1   0.0000000000000000        62.000000000000000        63.000000000000000        1.5085798417637053       0.99863838199209043     
         506           0        -999        -999        -999 -0.96591484389733817      -0.65499492947304627     
         507           1   0.0000000000000000        68.000000000000000        65.000000000000000      -0.99457240336774377      -0.74741847479546963     
         508           1   1.0000000000000000        67.000000000000000        63.000000000000000      -0.26433010661658574      -0.22531837627803039     
         509           1   0.0000000000000000        55.000000000000000        58.000000000000000        5.3476614170156305        3.7460699493534491     
         510           1   0.0000000000000000        63.000000000000000        62.000000000000000        1.3366815573335753       0.91577231383951418     
         511           1   0.0000000000000000        73.000000000000000        68.000000000000000       -3.4907062301308311       -2.3783622858238163     
         512           1   0.0000000000000000        63.000000000000000        63.000000000000000       0.90480722711176431       0.62588917298629787     
         513           1   0.0000000000000000        68.000000000000000        64.000000000000000       -1.4499703634132592       -1.0871094278930962     
         514           1   0.0000000000000000        65.000000000000000        62.000000000000000       0.77779223824120380       0.50995804141071244     
         515           1   0.0000000000000000        72.000000000000000        68.000000000000000       -3.7469960113060727       -2.4737986452453531     
         516           1   0.0000000000000000        62.000000000000000        62.000000000000000        1.4117460455174511        1.0115746332467979     
         517           1   1.0000000000000000        64.000000000000000        62.000000000000000       0.52490210374283452       0.34828512614655388     
         518           1   1.0000000000000000        62.000000000000000        61.000000000000000        1.9993424921734615        1.3803204820208268     
         519           1   0.0000000000000000        62.000000000000000        62.000000000000000       0.73851332397019620       0.51693885982570820     
         520           1   0.0000000000000000        62.000000000000000        62.000000000000000       0.58343804402724597       0.41300131814071073     
         521           1   0.0000000000000000        59.000000000000000        65.000000000000000        2.7917493701222598        1.8601070344369310     
         522           1   0.0000000000000000        62.000000000000000        62.000000000000000        1.0107955318640665       0.69004477753320392     
         523           1   0.0000000000000000        59.000000000000000        61.000000000000000        3.2439230187736623        2.2926410533405455     
         524           1   0.0000000000000000        68.000000000000000        64.000000000000000      -0.89934332708858156      -0.66343292658312203     
         525           1   0.0000000000000000        72.000000000000000        67.000000000000000       -3.4539711269399413       -2.3990542159080337     
         526           1   0.0000000000000000        62.000000000000000        62.000000000000000       0.54804565571678099       0.32802418808977707     
         527           0        -999        -999        -999  -3.3987908027755465       -2.3270428965159233     
         528           0        -999        -999        -999  -3.1190793319644343       -2.0873363577643071     
         529           1   0.0000000000000000        68.000000000000000        67.000000000000000       -1.5959824446182680       -1.0923080219430374     
         530           1   1.0000000000000000        70.000000000000000        66.000000000000000       -2.8182625363654590       -1.9269605222304409     
         531           0        -999        -999        -999   2.5280459577452050        1.7589234976129973     
         532           1   0.0000000000000000        61.000000000000000        61.000000000000000        2.6168872959417127        1.7931072064319533     
         533           1   0.0000000000000000        59.000000000000000        57.000000000000000        3.7980819072607863        2.6777258373414092     
         534           1   0.0000000000000000        67.000000000000000        65.000000000000000       -1.6765745087128234       -1.1918961149545588     
         535           1   0.0000000000000000        62.000000000000000        62.000000000000000        1.2790086258083124       0.80053107581934557     
         536           1   0.0000000000000000        62.000000000000000        63.000000000000000       0.53127572866545070       0.41926651263033948     
         537           1   0.0000000000000000        68.000000000000000        68.000000000000000       -1.0660653784303635      -0.77236985696040905     
         538           0        -999        -999        -999  -3.7781691100919459       -2.5882365637241320     
         539           1   0.0000000000000000        68.000000000000000        63.000000000000000       -1.6001355615140935       -1.0736771247012395     
         540           0        -999        -999        -999  -1.0718796671035031      -0.78751938746040762     
         541           0        -999        -999        -999  -3.2790460279812628       -2.2034142985539638     
         542           0        -999        -999        -999   2.4108344387310132        1.6501361299546349     
         543           1   0.0000000000000000        65.000000000000000        64.000000000000000       -4.9711656597742931E-002  -9.5019111095446141E-004
         544           1   0.0000000000000000        60.000000000000000        59.000000000000000        3.7871171199899765        2.5915367244582495     
         545           1   0.0000000000000000        62.000000000000000        61.000000000000000        2.1592046685387221        1.5536229924382436     
         546           1   0.0000000000000000        68.000000000000000        62.000000000000000      -0.32903025310184952      -0.22228221791435479     
         547           1   0.0000000000000000        59.000000000000000        61.000000000000000        3.2119856279138266        2.1745959884380794     
         548           1   0.0000000000000000        70.000000000000000        68.000000000000000       -2.0567751221925810       -1.4140265470074180     
         549           0        -999        -999        -999   1.9842519898389133        1.3532147454278538     
         550           1   0.0000000000000000        68.000000000000000        65.000000000000000       -1.0947465070301563      -0.73099253227862637     
         551           0        -999        -999        -999  -4.2782896998409976       -2.9530163689134086     
         552           1   0.0000000000000000        68.000000000000000        66.000000000000000       -2.0879006490347081       -1.4081816402747136     
         553           1   0.0000000000000000        61.000000000000000        59.000000000000000        2.9765575737875736        2.0569934305845665     
         554           1   0.0000000000000000        72.000000000000000        68.000000000000000       -3.3099766686275016       -2.3251041663366383     
         555           1   0.0000000000000000        69.000000000000000        64.000000000000000       -1.7657102603624231       -1.1907152704120199     
         556           1   0.0000000000000000        69.000000000000000        64.000000000000000      -0.75948036746854608      -0.50538434327222825     
         557           1   0.0000000000000000        68.000000000000000        66.000000000000000       -1.1081792094975049      -0.75253532680537771     
         558           1   0.0000000000000000        58.000000000000000        59.000000000000000        3.8181061809841013        2.5852655871093138     
         559           1   0.0000000000000000        60.000000000000000        63.000000000000000        1.1957424556315934       0.85474861973182503     
         560           1   0.0000000000000000        62.000000000000000        62.000000000000000        1.3602808228911512        1.0387608857163104     
         561           1   0.0000000000000000        72.000000000000000        69.000000000000000       -3.4744816891351258       -2.3470154752197563     
         562           1   0.0000000000000000        57.000000000000000        55.000000000000000        5.7732733875767703        4.0738616829568226     
         563           1   0.0000000000000000        69.000000000000000        68.000000000000000       -2.9074624715194002       -1.9473331731657959     
         564           1   0.0000000000000000        65.000000000000000        62.000000000000000       0.14035100236624681       0.14516965354371217     
         565           1   0.0000000000000000        62.000000000000000        59.000000000000000        2.4215358448880893        1.6514520959546624     
         566           1   0.0000000000000000        74.000000000000000        69.000000000000000       -4.0361010789278762       -2.7654732481145436     
         567           1   0.0000000000000000        69.000000000000000        64.000000000000000       -1.6145754708162563       -1.0368337679686901     
         568           0        -999        -999        -999 -0.96535064945967008      -0.75812203545327239     
         569           0        -999        -999        -999 -0.89257628149356105      -0.65856420498988610     
         570           1   0.0000000000000000        72.000000000000000        68.000000000000000       -3.7238729116088121       -2.5809786636383150     
         571           1   0.0000000000000000        60.000000000000000        61.000000000000000        2.5653043054792981        1.7566724030255834     
         572           1   0.0000000000000000        62.000000000000000        62.000000000000000        1.2373681544692960       0.82479852288678079     
         573           1   0.0000000000000000        70.000000000000000        66.000000000000000       -2.3395152824317806       -1.5355021033755756     
         574           1   0.0000000000000000        55.000000000000000        59.000000000000000        5.1027979354943866        3.5211131331095737     
         575           1   0.0000000000000000        65.000000000000000        64.000000000000000        7.5127274401839833E-002   9.1570621273422373E-002
         576           1   1.0000000000000000        62.000000000000000        62.000000000000000        1.8989052191137850        1.2807283392497644     
         577           1   1.0000000000000000        63.000000000000000        62.000000000000000        1.1341998710596641       0.81790919537734963     
         578           1   0.0000000000000000        58.000000000000000        61.000000000000000        3.6436060228734601        2.4691568413659759     
         579           1   0.0000000000000000        63.000000000000000        61.000000000000000        2.0614879952017326        1.3510436914704895     
         580           1   0.0000000000000000        65.000000000000000        65.000000000000000       0.71932528606956969       0.49958764784497367     
         581           0        -999        -999        -999 -0.88516150095415247      -0.65834110839186177     
         582           1   0.0000000000000000        64.000000000000000        62.000000000000000       0.63142165697411246       0.39658656979019313     
         583           1   0.0000000000000000        70.000000000000000        64.000000000000000       -1.6631164872793627       -1.0650161823630659     
         584           0        -999        -999        -999   1.1023966712871056       0.74096221421095398     
         585           1   0.0000000000000000        63.000000000000000        60.000000000000000       0.97639829347294560       0.63062673255824853     
         586           1   0.0000000000000000        70.000000000000000        63.000000000000000       -1.5481795122254622       -1.0889040946308228     
         587           1   0.0000000000000000        69.000000000000000        66.000000000000000       -1.1490359706818760      -0.79369839025463951     
         588           1   0.0000000000000000        68.000000000000000        65.000000000000000       -1.8568595015401419       -1.3635702219812338     
         589           1   0.0000000000000000        67.000000000000000        62.000000000000000      -0.55055493380489684      -0.40525325909204540     
         590           1   0.0000000000000000        68.000000000000000        67.000000000000000       -2.2388696225823974       -1.5812225985545032     
         591           0        -999        -999        -999   2.9616855590484410        2.1852711043473168     
         592           1   0.0000000000000000        68.000000000000000        65.000000000000000       -1.6104817866397234       -1.1446684397964155     
         593           1   0.0000000000000000        72.000000000000000        68.000000000000000       -2.8675167131750126       -1.9881038431323443     
         594           0        -999        -999        -999 -0.45560424665309618      -0.22504769134021521     
         595           1   0.0000000000000000        62.000000000000000        62.000000000000000        1.0567489473272298       0.78914211132981260     
         596           1   0.0000000000000000        70.000000000000000        68.000000000000000       -3.5585629874064040       -2.4764626274815331     
         597           1   0.0000000000000000        61.000000000000000        62.000000000000000        2.1338455873035600        1.5051765711851492     
         598           0        -999        -999        -999  0.22262862773373460       0.19806902685649075     
         599           0        -999        -999        -999 -0.73959136757862476      -0.52989676322853685     
         600           1   0.0000000000000000        72.000000000000000        69.000000000000000       -4.3506221835608629       -3.0419565087509342     
         601           0        -999        -999        -999 -0.40860912509230896      -0.31469526993873514     
         602           1   1.0000000000000000        68.000000000000000        65.000000000000000      -0.96218287155862725      -0.67887750151743620     
         603           1   0.0000000000000000        61.000000000000000        58.000000000000000        3.1286831251277545        2.1468744940402926     
         604           1   0.0000000000000000        67.000000000000000        64.000000000000000      -0.46596004955313303      -0.28073012754647564     
