           1           1   0.0000000000000000        70.000000000000000        67.000000000000000       -1.7592160737410614       -1.1926788039808707     
           2           1   0.0000000000000000        71.000000000000000        69.000000000000000       -2.3209069976371093       -1.6068426506492381     
           3           1   0.0000000000000000        69.000000000000000        68.000000000000000       -2.6055955144551213       -1.8101060807350979     
           4           0        -999        -999        -999   1.5312516723567819        1.0598198842447606     
           5           1   0.0000000000000000        62.000000000000000        62.000000000000000        1.4407511162398832       0.93823004463150694     
           6           1   0.0000000000000000        70.000000000000000        64.000000000000000       -1.5268489066907471       -1.0833855017407876     
           7           0        -999        -999        -999 -0.96720594967359319      -0.68144766790390376     
           8           1   0.0000000000000000        65.000000000000000        62.000000000000000       0.81703327448117502       0.61667604106985607     
           9           1   0.0000000000000000        67.000000000000000        65.000000000000000      -0.31203038330950283      -0.24195010153706079     
          10           0        -999        -999        -999  0.30980432518882639       0.22215009722095039     
          11           1   0.0000000000000000        63.000000000000000        62.000000000000000        1.1336144969625099       0.72634156076536327     
          12           1   0.0000000000000000        67.000000000000000        65.000000000000000      -0.64005672543520131      -0.45426723810569514     
          13           1   1.0000000000000000        70.000000000000000        67.000000000000000       -2.8556908827928349       -2.0211267830695276     
          14           1   0.0000000000000000        68.000000000000000        67.000000000000000      -0.88080849662677962      -0.64086844770485296     
          15           1   0.0000000000000000        62.000000000000000        60.000000000000000        2.8391945000268874        2.0202403577307395     
          16           1   1.0000000000000000        66.000000000000000        67.000000000000000      -0.61458371044406657      -0.43780222122946150     
          17           1   0.0000000000000000        64.000000000000000        62.000000000000000       0.79105909245171335       0.53516818572864877     
          18           1   0.0000000000000000        62.000000000000000        62.000000000000000        1.5446869767443527        1.0519946584918147     
          19           0        -999        -999        -999 -0.40723377186569565      -0.29937225676333395     
          20           1   0.0000000000000000        60.000000000000000        62.000000000000000        1.6838271518915755        1.1940104694897409     
          21           1   0.0000000000000000        61.000000000000000        57.000000000000000        3.3336047948240535        2.2818735534456569     
          22           1   0.0000000000000000        68.000000000000000        66.000000000000000      -0.57534730663681655      -0.38381325575122716     
          23           1   0.0000000000000000        61.000000000000000        62.000000000000000        1.9403075858024779        1.3705851926771107     
          24           1   0.0000000000000000        70.000000000000000        67.000000000000000       -2.2500284550836649       -1.5806889394769701     
          25           0        -999        -999        -999  -1.4387172498239298      -0.98269845309151638     
          26           1   0.0000000000000000        72.000000000000000        69.000000000000000       -2.7242126294749913       -1.8530757511660247     
          27           1   0.0000000000000000        60.000000000000000        60.000000000000000        3.5266712890426728        2.4760244719674858     
          28           1   0.0000000000000000        64.000000000000000        62.000000000000000        1.1905195393388948       0.81166666798308240     
          29           1   0.0000000000000000        63.000000000000000        63.000000000000000       0.69516265586678727       0.45884783744864777     
          30           1   1.0000000000000000        60.000000000000000        60.000000000000000        3.3571237047364746        2.3365176718951925     
          31           1   0.0000000000000000        67.000000000000000        64.000000000000000       -8.6293366979683844E-002  -9.2815387553118550E-002
          32           1   0.0000000000000000        71.000000000000000        68.000000000000000       -2.4344927090253701       -1.7488249345564908     
          33           1   0.0000000000000000        68.000000000000000        66.000000000000000       -1.5626072011677890       -1.1011144380866351     
          34           1   0.0000000000000000        60.000000000000000        62.000000000000000        2.8876255442887646        2.0131701473858659     
          35           0        -999        -999        -999   3.5289888152766404        2.4985610710051604     
          36           0        -999        -999        -999  0.87884158507721666       0.62616455401115789     
          37           1   0.0000000000000000        71.000000000000000        66.000000000000000       -1.8984851546326640       -1.3247994930098950     
          38           1   0.0000000000000000        60.000000000000000        60.000000000000000        3.6255928669213375        2.4990407925720035     
          39           0        -999        -999        -999 -0.51053315574469516      -0.40685044054647795     
          40           1   0.0000000000000000        62.000000000000000        64.000000000000000        1.7951951092741820        1.2906514503775921     
          41           1   0.0000000000000000        73.000000000000000        66.000000000000000       -1.8573098895196694       -1.2569782873812623     
          42           0        -999        -999        -999   1.6626917925551106        1.1727976378332892     
          43           1   0.0000000000000000        69.000000000000000        67.000000000000000       -1.8465813922742316       -1.2832285359798588     
          44           1   0.0000000000000000        62.000000000000000        62.000000000000000        2.0642011528684043        1.3668040100071039     
          45           1   0.0000000000000000        71.000000000000000        68.000000000000000       -2.4496940320218616       -1.6802233080692495     
          46           1   0.0000000000000000        71.000000000000000        67.000000000000000       -1.8687760953718169       -1.3481086111316936     
          47           0        -999        -999        -999 -0.43611604582124902      -0.29661941011348103     
          48           1   0.0000000000000000        62.000000000000000        62.000000000000000        1.9825983567157248        1.3353036960236748     
          49           0        -999        -999        -999   4.1739609366777488        2.8696056175054370     
          50           0        -999        -999        -999  -3.2133591196943376       -2.2530259071372929     
          51           1   0.0000000000000000        64.000000000000000        64.000000000000000       0.27823548583908070       0.23515229502841759     
          52           1   0.0000000000000000        70.000000000000000        68.000000000000000       -2.1013879900043468       -1.4847013073560487     
          53           1   0.0000000000000000        62.000000000000000        60.000000000000000        2.7710439281238877        1.9199600425281449     
          54           1   0.0000000000000000        66.000000000000000        65.000000000000000      -0.46559347449131649      -0.32835209958758410     
          55           1   1.0000000000000000        70.000000000000000        68.000000000000000       -2.0329684556543559       -1.3946542701602473     
          56           1   0.0000000000000000        69.000000000000000        66.000000000000000       -2.3564274672695475       -1.6208484472929217     
          57           0        -999        -999        -999  -2.3391169661547537       -1.6640848600131806     
          58           1   0.0000000000000000        62.000000000000000        62.000000000000000        2.1240558297638241        1.4458671448345672     
          59           1   1.0000000000000000        61.000000000000000        62.000000000000000        2.2840194169999526        1.5774070451449518     
          60           1   0.0000000000000000        58.000000000000000        59.000000000000000        3.1908589143939663        2.2941863777107256     
          61           0        -999        -999        -999  -2.6617749216620603       -1.8457915074235496     
          62           1   1.0000000000000000        72.000000000000000        70.000000000000000       -2.8550667042036024       -1.9366040473555288     
          63           1   0.0000000000000000        59.000000000000000        61.000000000000000        3.3251392316506587        2.2507516321925083     
          64           1   0.0000000000000000        62.000000000000000        62.000000000000000        1.4717479644761797       0.99973213697092189     
          65           0        -999        -999        -999   2.9088775614470395        2.0536798011624713     
          66           1   0.0000000000000000        65.000000000000000        65.000000000000000      -0.53289038081572548      -0.38951809875779014     
          67           0        -999        -999        -999  0.19580473136442345       0.11163201557200486     
          68           1   0.0000000000000000        67.000000000000000        63.000000000000000      -0.27125032683013722      -0.20071350814596456     
          69           1   0.0000000000000000        71.000000000000000        67.000000000000000       -1.8382962490428494       -1.2668032391870134     
          70           1   1.0000000000000000        60.000000000000000        60.000000000000000        3.7935584028746803        2.6043976546155041     
          71           1   0.0000000000000000        68.000000000000000        68.000000000000000       -1.7607000050252082       -1.1684003678756740     
          72           1   0.0000000000000000        69.000000000000000        66.000000000000000       -1.1002464917303123      -0.75571742507529915     
          73           1   0.0000000000000000        64.000000000000000        68.000000000000000        5.5056322420298856E-002  -6.7678479153722047E-004
          74           0        -999        -999        -999 -0.91439248734570411      -0.66987160576459759     
          75           1   0.0000000000000000        65.000000000000000        65.000000000000000       0.45328981010300717       0.29714840633489853     
          76           1   0.0000000000000000        70.000000000000000        67.000000000000000       -2.8277225561682973       -1.9247883595476856     
          77           0        -999        -999        -999  -3.1294437654744520       -2.1873580522069553     
          78           1   0.0000000000000000        70.000000000000000        65.000000000000000       -1.6499010821574660       -1.1569661298275933     
          79           1   0.0000000000000000        61.000000000000000        60.000000000000000        3.0442720406470496        2.0938384431571824     
          80           1   0.0000000000000000        68.000000000000000        66.000000000000000      -0.31331581752036913      -0.21013958113841685     
          81           1   0.0000000000000000        61.000000000000000        62.000000000000000        2.3600154040409320        1.6772539102365496     
          82           1   1.0000000000000000        70.000000000000000        67.000000000000000       -2.2450729151116042       -1.5987632828608827     
          83           0        -999        -999        -999  0.46572261509398999       0.34088888845811111     
          84           1   0.0000000000000000        63.000000000000000        64.000000000000000       0.52549000969897397       0.35751328219660117     
          85           1   0.0000000000000000        62.000000000000000        61.000000000000000        3.6010945671810064        2.6051927006249840     
          86           1   0.0000000000000000        63.000000000000000        63.000000000000000       0.82659804798160508       0.54076023258339456     
          87           0        -999        -999        -999  0.13139467801659510        8.8090601571019819E-002
          88           0        -999        -999        -999 -0.17875926261710753      -0.16955752303616567     
          89           0        -999        -999        -999  0.23260468947617308       0.13167766256188906     
          90           1   0.0000000000000000        60.000000000000000        61.000000000000000        2.6322985415191447        1.8829840698028346     
          91           1   0.0000000000000000        59.000000000000000        62.000000000000000        3.2966379010237228        2.2672277191986661     
          92           1   0.0000000000000000        58.000000000000000        79.000000000000000        1.9128029970944604        1.3901999842270159     
          93           1   0.0000000000000000        62.000000000000000        64.000000000000000       0.83442168474957301       0.63896471616884309     
          94           1   0.0000000000000000        60.000000000000000        64.000000000000000        2.3096870061084718        1.6102329582464483     
          95           0        -999        -999        -999  -1.6319473742796564       -1.1524735741796091     
          96           0        -999        -999        -999  -7.8884670374282845E-002  -5.9844946475779766E-002
          97           1   1.0000000000000000        68.000000000000000        67.000000000000000       -3.8775476334510485E-002  -1.6311999718018048E-002
          98           1   1.0000000000000000        67.000000000000000        64.000000000000000       0.20029572136896348       0.16416020877637560     
          99           1   1.0000000000000000        71.000000000000000        69.000000000000000       -2.6113251346310635       -1.8152707170209339     
         100           1   0.0000000000000000        73.000000000000000        69.000000000000000       -3.4392106816523160       -2.3820348041570782     
         101           0        -999        -999        -999  -1.0765818902333097      -0.68947102966486951     
         102           1   0.0000000000000000        65.000000000000000        68.000000000000000       -1.5659151454437449E-002   4.8157114672737089E-002
         103           1   1.0000000000000000        71.000000000000000        66.000000000000000       -1.9516103324182346       -1.3241832359934347     
         104           1   0.0000000000000000        67.000000000000000        64.000000000000000       0.37928714240265671       0.25003826091060466     
         105           0        -999        -999        -999 -0.24086716345484624      -0.16462836886913909     
         106           1   0.0000000000000000        68.000000000000000        62.000000000000000       -8.4131377842945998E-002  -5.7527087043204507E-002
         107           0        -999        -999        -999   1.9210076879104003        1.4026263983609046     
         108           1   0.0000000000000000        62.000000000000000        63.000000000000000        1.8464220042292883        1.2745045200658385     
         109           1   0.0000000000000000        71.000000000000000        67.000000000000000       -2.5385717319149825       -1.7417141890810590     
         110           0        -999        -999        -999  -4.2100067974310471E-002   1.0132615778225725E-003
         111           0        -999        -999        -999  -2.4716768089667029       -1.7324563119431520     
         112           0        -999        -999        -999   2.7388342276758224        1.8850528725718747     
         113           1   0.0000000000000000        68.000000000000000        65.000000000000000      -0.11475242950979765      -0.10939163612476302     
         114           1   0.0000000000000000        70.000000000000000        69.000000000000000      -0.49572785721969093      -0.32415939324414822     
         115           0        -999        -999        -999  -2.4521538304885433       -1.7362813366352574     
         116           1   0.0000000000000000        73.000000000000000        67.000000000000000       -2.5947645698345139       -1.8212769666311937     
         117           1   0.0000000000000000        61.000000000000000        62.000000000000000        2.6481308700771287        1.8145978335573931     
         118           1   0.0000000000000000        62.000000000000000        61.000000000000000        2.3232569851851408        1.6493982050015759     
         119           1   0.0000000000000000        64.000000000000000        62.000000000000000        1.3567257093502034       0.94645751566318337     
         120           1   1.0000000000000000        61.000000000000000        62.000000000000000        2.8581490498749971        1.9052392996035437     
         121           1   0.0000000000000000        72.000000000000000        65.000000000000000       -2.3730478699482118       -1.5817363575110768     
         122           0        -999        -999        -999  0.70125762252724722       0.56082056754603316     
         123           1   0.0000000000000000        72.000000000000000        67.000000000000000       -1.9684723774905679       -1.3629650208705180     
         124           1   0.0000000000000000        62.000000000000000        65.000000000000000       0.35697395397839571       0.23930426520326001     
         125           0        -999        -999        -999 -0.17038933244192273      -0.12427077568565646     
         126           1   0.0000000000000000        67.000000000000000        65.000000000000000       -8.4760630972004578E-002  -5.2641343486606068E-002
         127           0        -999        -999        -999  -1.6011154964983951       -1.0968117670670945     
         128           1   0.0000000000000000        68.000000000000000        65.000000000000000      -0.77832240118173157      -0.50061379076098489     
         129           1   0.0000000000000000        69.000000000000000        65.000000000000000      -0.56862734314625640      -0.36795118228259033     
         130           1   0.0000000000000000        65.000000000000000        64.000000000000000       0.52321170669496464       0.38964074640256091     
         131           0        -999        -999        -999 -0.63982223089964574      -0.42359464465522506     
         132           0        -999        -999        -999  0.35375300277743416       0.24817178999361073     
         133           1   0.0000000000000000        67.000000000000000        69.000000000000000       -1.0084062082027101      -0.71506185428320268     
         134           1   0.0000000000000000        62.000000000000000        62.000000000000000        2.0355380247750063        1.3863843866881342     
         135           0        -999        -999        -999  -1.6005498904605460       -1.1302754824195942     
         136           1   0.0000000000000000        80.000000000000000        73.000000000000000        7.6853682436107684E-003   5.5079382396433334E-003
         137           1   0.0000000000000000        70.000000000000000        66.000000000000000       -1.4605801634023172       -1.0874233766084513     
         138           1   0.0000000000000000        71.000000000000000        67.000000000000000       -1.6023204786638288       -1.0940934339453272     
         139           1   0.0000000000000000        60.000000000000000        61.000000000000000        3.2295965345108892        2.2251476528404193     
         140           0        -999        -999        -999   2.9855848648333909        2.1148776493176902     
         141           1   0.0000000000000000        68.000000000000000        65.000000000000000       -1.6321816868009111       -1.1484319263040401     
         142           1   0.0000000000000000        62.000000000000000        64.000000000000000        1.5745951770671422        1.1024994440144584     
         143           1   0.0000000000000000        62.000000000000000        61.000000000000000        2.3554417752741923        1.6528452471162092     
         144           1   0.0000000000000000        62.000000000000000        62.000000000000000        1.1962292330498812       0.80465038573893355     
         145           1   0.0000000000000000        63.000000000000000        63.000000000000000       0.99887944857283328       0.68728908312265602     
         146           1   0.0000000000000000        70.000000000000000        66.000000000000000       -1.3817918936715869      -0.91573032636672269     
         147           1   0.0000000000000000        73.000000000000000        70.000000000000000       -3.5508279881981646       -2.4759984169837388     
         148           1   0.0000000000000000        71.000000000000000        68.000000000000000       -2.4418016024790079       -1.6700910057096710     
         149           1   1.0000000000000000        64.000000000000000        63.000000000000000       0.11459578904069563       0.10915499574294892     
         150           1   0.0000000000000000        69.000000000000000        67.000000000000000       -1.7815848610367362       -1.1530384338650830     
         151           1   0.0000000000000000        66.000000000000000        62.000000000000000       -4.7635390136513071E-002  -3.0404787019773494E-002
         152           1   0.0000000000000000        59.000000000000000        61.000000000000000        3.0707257299689106        2.0826087986991451     
         153           1   0.0000000000000000        60.000000000000000        62.000000000000000        2.7801805715691184        2.0170873446119479     
         154           0        -999        -999        -999  -1.9491629156532233       -1.3044185923110516     
         155           1   0.0000000000000000        71.000000000000000        67.000000000000000       -2.2995316037104105       -1.6307992024359583     
         156           1   1.0000000000000000        70.000000000000000        68.000000000000000       -1.4782780700552924      -0.99469128103021565     
         157           0        -999        -999        -999  -1.4052332006916388       -1.0121976006791678     
         158           0        -999        -999        -999  -4.1185953569878322       -2.8855069683145502     
         159           0        -999        -999        -999 -0.44805101002681497      -0.30649144956033914     
         160           0        -999        -999        -999  -1.6068396603557291       -1.1313921742246822     
         161           1   0.0000000000000000        62.000000000000000        62.000000000000000        1.8199620121694569        1.3292530006647418     
         162           1   0.0000000000000000        69.000000000000000        65.000000000000000       -1.7790983549821002       -1.1868590163307806     
         163           1   0.0000000000000000        62.000000000000000        62.000000000000000        2.4156349184483563        1.6972841729978219     
         164           1   0.0000000000000000        72.000000000000000        67.000000000000000       -2.4703667389041217       -1.7070138310870360     
         165           0        -999        -999        -999  0.14880679763793977        6.2210956471947264E-002
         166           1   0.0000000000000000        64.000000000000000        62.000000000000000        2.7771435700147844        1.9939739600027189     
         167           1   0.0000000000000000        68.000000000000000        67.000000000000000       -1.6031922761656983       -1.1532237359351667     
         168           0        -999        -999        -999 -0.74441952844760340      -0.52440204612383257     
         169           1   0.0000000000000000        68.000000000000000        65.000000000000000       -1.2922977168873013      -0.86755481920539979     
         170           1   0.0000000000000000        67.000000000000000        64.000000000000000      -0.71017355307821295      -0.55055546098288266     
         171           1   0.0000000000000000        64.000000000000000        64.000000000000000      -0.40929588080289614      -0.24167533596809274     
         172           1   0.0000000000000000        70.000000000000000        68.000000000000000       -2.1483870532392717       -1.5634485507763691     
         173           1   1.0000000000000000        67.000000000000000        66.000000000000000       -1.1585573620579690      -0.84155454896831405     
         174           1   0.0000000000000000        64.000000000000000        61.000000000000000        2.4279467529746332        1.6154056983631802     
         175           1   1.0000000000000000        64.000000000000000        63.000000000000000       0.27008828407110774       0.18694081369619384     
         176           0        -999        -999        -999  -1.2198480183832374      -0.83655554954833922     
         177           1   0.0000000000000000        64.000000000000000        67.000000000000000       -7.7328305646277851E-004  -3.5714352414360140E-003
         178           1   0.0000000000000000        63.000000000000000        61.000000000000000        1.8605254124943655        1.2713660679101850     
         179           1   0.0000000000000000        64.000000000000000        65.000000000000000       0.23387585999380189       0.16125302538185773     
         180           1   0.0000000000000000        62.000000000000000        62.000000000000000        1.3494303043419986       0.95392035496524319     
         181           1   0.0000000000000000        67.000000000000000        68.000000000000000       -1.3732664734760689      -0.96643994234807162     
         182           1   0.0000000000000000        62.000000000000000        62.000000000000000        1.8742579699293640        1.3506812617691428     
         183           0        -999        -999        -999 -0.63443870979738637      -0.42690642805157070     
         184           0        -999        -999        -999 -0.31818764771901775      -0.23980155783925688     
         185           0        -999        -999        -999  0.87759696150801514       0.59661709516584116     
         186           0        -999        -999        -999   3.5682999540107629        2.4503866464064190     
         187           1   0.0000000000000000        70.000000000000000        68.000000000000000       -2.8793197656040381       -2.0010917802494994     
         188           1   0.0000000000000000        68.000000000000000        66.000000000000000       -1.7517207501528151       -1.2581799525914552     
         189           0        -999        -999        -999  -4.4914668269968809E-002  -7.4980666923104067E-002
         190           1   0.0000000000000000        60.000000000000000        65.000000000000000        2.9969078420184552        2.2219451376106973     
         191           1   1.0000000000000000        73.000000000000000        69.000000000000000       -3.5952928504901074       -2.4955337420383867     
         192           1   1.0000000000000000        63.000000000000000        62.000000000000000        1.7544980187440800        1.1663715140757704     
         193           1   0.0000000000000000        63.000000000000000        62.000000000000000        1.5958349208939711        1.1363287532865158     
         194           1   0.0000000000000000        67.000000000000000        65.000000000000000      -0.20802611725666112       -8.9721506705651682E-002
         195           1   0.0000000000000000        71.000000000000000        66.000000000000000       -1.9441870389560243       -1.3586365813961168     
         196           1   0.0000000000000000        60.000000000000000        61.000000000000000        2.6101381686633491        1.8624462140854861     
         197           1   0.0000000000000000        59.000000000000000        62.000000000000000        3.1886307293525755        2.2184405832854353     
         198           1   1.0000000000000000        70.000000000000000        67.000000000000000       -3.3462149504128336       -2.3117287833389297     
         199           0        -999        -999        -999  -2.6841954966437767       -1.8728635708686725     
         200           1   0.0000000000000000        63.000000000000000        64.000000000000000       0.93807833319705269       0.65741889924105978     
         201           1   0.0000000000000000        61.000000000000000        61.000000000000000        2.7800714884020734        1.9297953763356139     
         202           1   1.0000000000000000        69.000000000000000        65.000000000000000      -0.65546444567945827      -0.40824568183225701     
         203           1   0.0000000000000000        69.000000000000000        67.000000000000000       -1.8856087395098595       -1.3655624054157423     
         204           1   1.0000000000000000        60.000000000000000        60.000000000000000        3.5023865641095102        2.4514738549106041     
         205           0        -999        -999        -999   1.2338237844869995       0.87147396616244388     
         206           1   0.0000000000000000        64.000000000000000        63.000000000000000       0.98296984452888292       0.65898477217809326     
         207           1   0.0000000000000000        64.000000000000000        64.000000000000000       0.64693028428277832       0.47525407748837645     
         208           1   1.0000000000000000        65.000000000000000        64.000000000000000       -9.5561971573175399E-003  -1.2891301067141773E-003
         209           1   0.0000000000000000        61.000000000000000        62.000000000000000        2.1239508982291726        1.5137484194959743     
         210           1   0.0000000000000000        64.000000000000000        64.000000000000000       -7.6211266783910603E-002  -9.4599870129827082E-002
         211           1   0.0000000000000000        73.000000000000000        69.000000000000000       -3.0625168362219584       -2.1891495723485979     
         212           1   0.0000000000000000        70.000000000000000        66.000000000000000       -2.0572596903793281       -1.4299504170890243     
         213           1   0.0000000000000000        62.000000000000000        61.000000000000000        2.1903951420260710        1.4658053637237562     
         214           1   0.0000000000000000        68.000000000000000        66.000000000000000       -1.0611002583026876      -0.76512011259280654     
         215           1   0.0000000000000000        69.000000000000000        65.000000000000000       -1.9789331422009828       -1.4171108475437668     
         216           1   0.0000000000000000        69.000000000000000        66.000000000000000       -1.9491599381047724       -1.3750479828498459     
         217           1   1.0000000000000000        65.000000000000000        64.000000000000000       0.14333748962584905       0.11345072655492119     
         218           1   0.0000000000000000        61.000000000000000        62.000000000000000        2.0184401812502166        1.4612191646921671     
         219           1   0.0000000000000000        62.000000000000000        67.000000000000000        1.2795427294720092       0.94349258921743062     
         220           1   0.0000000000000000        67.000000000000000        67.000000000000000       -1.7519457750829195       -1.1729119344887422     
         221           1   1.0000000000000000        62.000000000000000        62.000000000000000        1.5533092183361807        1.0791637581877336     
         222           1   0.0000000000000000        65.000000000000000        64.000000000000000      -0.34300916664855885      -0.24082667703410643     
         223           1   0.0000000000000000        63.000000000000000        62.000000000000000        1.7851425641739371        1.3159908723075917     
         224           1   0.0000000000000000        68.000000000000000        66.000000000000000       -1.3862228430685553      -0.93721823427953266     
         225           1   1.0000000000000000        64.000000000000000        63.000000000000000       0.31006690658395436       0.25049799698613973     
         226           0        -999        -999        -999 -0.57628420519915102      -0.40449497471006590     
         227           0        -999        -999        -999  0.53707849841307531       0.38062135568139249     
         228           1   0.0000000000000000        67.000000000000000        64.000000000000000        1.2537848662293147       0.84875758451498950     
         229           1   0.0000000000000000        64.000000000000000        62.000000000000000       -3.1308988266477128E-002  -6.6379976152781102E-003
         230           0        -999        -999        -999  -1.5923624458774384       -1.0927284310824890     
         231           1   0.0000000000000000        62.000000000000000        62.000000000000000        2.0128456370666967        1.4342545667584070     
         232           0        -999        -999        -999  -1.0873636985605128      -0.77278637859465538     
         233           1   0.0000000000000000        70.000000000000000        65.000000000000000       -1.9908521608367800       -1.3716702661489666     
         234           1   0.0000000000000000        65.000000000000000        65.000000000000000       0.15592927196651216        8.2258379885157634E-002
         235           1   0.0000000000000000        71.000000000000000        69.000000000000000       -3.1767514429482180       -2.2960058434462751     
         236           1   0.0000000000000000        69.000000000000000        65.000000000000000       -1.7366061877756140       -1.2633273975957822     
         237           1   0.0000000000000000        59.000000000000000        61.000000000000000        2.1874151931142705        1.6019962333244360     
         238           1   0.0000000000000000        59.000000000000000        60.000000000000000        3.4023566342057689        2.4224136575260555     
         239           1   0.0000000000000000        60.000000000000000        64.000000000000000        1.1119372730616437       0.72467113197899835     
         240           1   0.0000000000000000        69.000000000000000        66.000000000000000       -2.0842542016281769       -1.4683782542123456     
         241           1   0.0000000000000000        68.000000000000000        65.000000000000000       -1.2162233799369366      -0.82326625809561305     
         242           0        -999        -999        -999 -0.42858705994068780      -0.36687977672714689     
         243           0        -999        -999        -999 -0.40642397188956331      -0.27960334952844562     
         244           1   0.0000000000000000        71.000000000000000        66.000000000000000       -2.2439171019712525       -1.5706263062861103     
         245           0        -999        -999        -999   2.1827606774298438        1.4864841003975540     
         246           0        -999        -999        -999  -4.1351071188470867E-002   2.1951159554576424E-002
         247           1   0.0000000000000000        62.000000000000000        62.000000000000000        1.7879030704709860        1.2632830228332375     
         248           1   0.0000000000000000        62.000000000000000        61.000000000000000        2.5467750244023075        1.7925516564553952     
         249           1   0.0000000000000000        69.000000000000000        63.000000000000000       -7.1249009552477510E-002  -7.0205727711564081E-002
         250           1   0.0000000000000000        69.000000000000000        68.000000000000000       -1.6826547692529668       -1.1646943609180507     
         251           1   0.0000000000000000        57.000000000000000        60.000000000000000        4.1231339002530127        2.9008197813647074     
         252           1   0.0000000000000000        64.000000000000000        63.000000000000000       0.61378541634969830       0.39926901151438726     
         253           1   0.0000000000000000        68.000000000000000        67.000000000000000      -0.75350763477655691      -0.53053735982698358     
         254           0        -999        -999        -999  0.99354677076686282       0.68847674253545776     
         255           1   0.0000000000000000        66.000000000000000        65.000000000000000      -0.10785775610146374       -5.1796371143592410E-002
         256           0        -999        -999        -999  -2.6033397545390669       -1.8522235922425860     
         257           1   0.0000000000000000        62.000000000000000        62.000000000000000        1.5282141183934110        1.0816983851867705     
         258           1   0.0000000000000000        64.000000000000000        62.000000000000000        1.3100591587908930       0.97263521122388863     
         259           1   1.0000000000000000        67.000000000000000        65.000000000000000      -0.22709351875535874       -8.9384629903272186E-002
         260           1   0.0000000000000000        72.000000000000000        69.000000000000000       -4.1483978493004861       -2.8781060095616029     
         261           1   0.0000000000000000        62.000000000000000        62.000000000000000        1.2420396864426388       0.83069332212612368     
         262           1   0.0000000000000000        68.000000000000000        64.000000000000000      -0.85549648370966525      -0.59196881331517004     
         263           1   0.0000000000000000        61.000000000000000        61.000000000000000        2.6020030162033807        1.9220823001516321     
         264           1   0.0000000000000000        73.000000000000000        68.000000000000000       -2.9219807614621369       -2.0504628294972247     
         265           1   0.0000000000000000        58.000000000000000        61.000000000000000        3.5527171977606593        2.4503739893163639     
         266           1   0.0000000000000000        69.000000000000000        65.000000000000000       -1.9069565659399901       -1.3440435699075630     
         267           1   0.0000000000000000        58.000000000000000        58.000000000000000        4.6364984418463830        3.2930029525051241     
         268           1   0.0000000000000000        62.000000000000000        64.000000000000000       0.56673689029411112       0.44963708906755689     
         269           1   0.0000000000000000        62.000000000000000        59.000000000000000        3.6125701818434148        2.6032319751892898     
         270           1   0.0000000000000000        65.000000000000000        62.000000000000000        1.1753781372211074       0.84377108985505811     
         271           1   0.0000000000000000        63.000000000000000        64.000000000000000       0.27327966915382068       0.16748960630175966     
         272           0        -999        -999        -999  0.26169463999902620       0.20407618301795402     
         273           1   0.0000000000000000        64.000000000000000        65.000000000000000       0.25266799093997322       0.18781814589652346     
         274           1   0.0000000000000000        72.000000000000000        64.000000000000000        1.4369675909419990        1.0067724839972774     
         275           1   0.0000000000000000        68.000000000000000        66.000000000000000      -0.81082415163655430      -0.60946237793488534     
         276           1   0.0000000000000000        63.000000000000000        63.000000000000000       0.26197743433831139       0.16927642963860201     
         277           0        -999        -999        -999  0.13167880652836436        5.7968579658580842E-002
         278           1   0.0000000000000000        71.000000000000000        68.000000000000000       -2.4297150601114166       -1.7031298653726685     
         279           1   0.0000000000000000        72.000000000000000        69.000000000000000       -3.6349865500018974       -2.5905185936069328     
         280           1   1.0000000000000000        67.000000000000000        66.000000000000000       -1.2016350612085946      -0.83084190333903651     
         281           1   0.0000000000000000        68.000000000000000        66.000000000000000      -0.79777122334251305      -0.52472464209641301     
         282           1   0.0000000000000000        58.000000000000000        60.000000000000000        3.6353620573695169        2.5233024451831847     
         283           1   0.0000000000000000        69.000000000000000        67.000000000000000       -1.3767839384251273      -0.95855928102870214     
         284           1   1.0000000000000000        62.000000000000000        62.000000000000000        2.0634489379784755        1.4819969061638145     
         285           1   0.0000000000000000        62.000000000000000        62.000000000000000        1.7911506584059855        1.2640610850781098     
         286           1   0.0000000000000000        71.000000000000000        66.000000000000000       -2.1938723077838400       -1.5031768096572136     
         287           1   0.0000000000000000        71.000000000000000        67.000000000000000       -1.6744745829179086       -1.2010539861846077     
         288           1   0.0000000000000000        69.000000000000000        66.000000000000000       -1.5442247106251685       -1.0593120263192393     
         289           1   0.0000000000000000        62.000000000000000        62.000000000000000        2.5491900844405695        1.7223572165680410     
         290           0        -999        -999        -999  -1.8707917242502585       -1.3045817281567096     
         291           0        -999        -999        -999  -3.5364176733135597       -2.4923119874079656     
         292           1   0.0000000000000000        70.000000000000000        67.000000000000000       -2.1098140622566852       -1.4332954014692578     
         293           1   0.0000000000000000        71.000000000000000        67.000000000000000       -2.3938498518589117       -1.6833000452100728     
         294           1   0.0000000000000000        64.000000000000000        62.000000000000000        1.6402390408321614        1.1412490387287089     
         295           1   0.0000000000000000        66.000000000000000        65.000000000000000      -0.48861158498689661      -0.28203411746600593     
         296           0        -999        -999        -999  0.29601875565014119       0.18530126951041595     
         297           1   0.0000000000000000        73.000000000000000        69.000000000000000       -3.2150222287238672       -2.1879758028847562     
         298           1   0.0000000000000000        69.000000000000000        72.000000000000000       -2.6011576076747733       -1.8436390759211347     
         299           1   0.0000000000000000        69.000000000000000        65.000000000000000       -1.7137487480500246       -1.1906417426170861     
         300           1   0.0000000000000000        68.000000000000000        65.000000000000000      -0.55278922204036784      -0.35161197239927100     
         301           1   1.0000000000000000        62.000000000000000        62.000000000000000        2.4314405157797423        1.7451909887091355     
         302           1   0.0000000000000000        68.000000000000000        68.000000000000000       -2.1534615233129988       -1.5168607918438328     
         303           1   0.0000000000000000        68.000000000000000        65.000000000000000       -1.0274074184568942      -0.73715347907703976     
         304           1   0.0000000000000000        73.000000000000000        70.000000000000000       -3.3704622927717729       -2.3772334873599910     
         305           1   0.0000000000000000        62.000000000000000        63.000000000000000        1.4440384571980152       0.99822379043612142     
         306           1   0.0000000000000000        64.000000000000000        65.000000000000000       0.15240429226194224        8.0585250949241516E-002
         307           0        -999        -999        -999   1.7564380207601817        1.2737255594645795     
         308           1   0.0000000000000000        62.000000000000000        62.000000000000000        1.2450128707256070       0.87768393385178589     
         309           1   1.0000000000000000        69.000000000000000        66.000000000000000       -1.3480846745937531      -0.95597693873754563     
         310           1   0.0000000000000000        67.000000000000000        67.000000000000000       -1.0396987082784241      -0.76845575681176692     
         311           1   0.0000000000000000        62.000000000000000        62.000000000000000        1.5051320717793373        1.0470684245869315     
         312           1   0.0000000000000000        62.000000000000000        60.000000000000000        1.6963053458528685        1.1490664539461539     
         313           1   0.0000000000000000        70.000000000000000        68.000000000000000       -1.5748013045795191       -1.0949189164600084     
         314           0        -999        -999        -999  -1.3108861097602906      -0.90601943483311398     
         315           1   0.0000000000000000        66.000000000000000        66.000000000000000      -0.36539356055146299      -0.29610491803824002     
         316           1   0.0000000000000000        73.000000000000000        66.000000000000000       -1.7319989037400165       -1.1588714406360925     
         317           0        -999        -999        -999  -1.3639444702265178      -0.95809845584082143     
         318           1   0.0000000000000000        63.000000000000000        64.000000000000000        6.8626610106804167E-002   2.8041349641706854E-002
         319           1   0.0000000000000000        72.000000000000000        70.000000000000000       -3.0544119711359934       -2.1498479179295682     
         320           0        -999        -999        -999   2.7741909049722726        2.0317627650218735     
         321           1   0.0000000000000000        60.000000000000000        62.000000000000000        2.6070991813971989        1.8098197615930940     
         322           0        -999        -999        -999  0.31619121004571576       0.18572800612593329     
         323           0        -999        -999        -999  -2.5190510429287172       -1.8218016096239082     
         324           1   0.0000000000000000        66.000000000000000        64.000000000000000       0.27041988258486915       0.19434045125189509     
         325           1   0.0000000000000000        68.000000000000000        67.000000000000000       -1.8030024938260418       -1.2750907050068976     
         326           0        -999        -999        -999  0.25527585409077636       0.15185142345530012     
         327           1   0.0000000000000000        62.000000000000000        62.000000000000000        1.7212149438893030        1.2207291596039376     
         328           1   0.0000000000000000        69.000000000000000        65.000000000000000       -1.1531857169715234      -0.74008855647957328     
         329           1   0.0000000000000000        65.000000000000000        62.000000000000000       0.54827230492049683       0.37767508693748242     
         330           1   1.0000000000000000        72.000000000000000        70.000000000000000       -3.6134620048578352       -2.4257291029027668     
         331           0        -999        -999        -999 -0.26289261445206430      -0.24653241752414420     
         332           1   0.0000000000000000        62.000000000000000        62.000000000000000        1.7209115135994661        1.1856046947868430     
         333           1   0.0000000000000000        63.000000000000000        63.000000000000000       0.68423821962060627       0.48125275896665565     
         334           1   1.0000000000000000        72.000000000000000        69.000000000000000       -3.2873321536715894       -2.3791873196692985     
         335           1   0.0000000000000000        67.000000000000000        66.000000000000000      -0.85146924752215258      -0.67015199927592417     
         336           0        -999        -999        -999   1.4720272034327211        1.0461040039894858     
         337           1   1.0000000000000000        69.000000000000000        64.000000000000000       -6.4324659397805864E-002  -2.1593505351688434E-002
         338           0        -999        -999        -999  -2.6556748313042675       -1.8618497188730903     
         339           1   0.0000000000000000        61.000000000000000        59.000000000000000        2.5882798517995234        1.8497137981956968     
         340           1   0.0000000000000000        67.000000000000000        65.000000000000000      -0.27229235459149548      -0.15083904038551654     
         341           1   0.0000000000000000        71.000000000000000        68.000000000000000       -3.6716734243458582       -2.6064639167464554     
         342           1   0.0000000000000000        72.000000000000000        70.000000000000000       -2.9199576465130410       -2.0255307831897320     
         343           1   0.0000000000000000        62.000000000000000        62.000000000000000        1.8327934461957576        1.2823950626582290     
         344           1   0.0000000000000000        66.000000000000000        63.000000000000000       0.53536169063885630       0.39133242075429059     
         345           0        -999        -999        -999   2.1100901081654011        1.5105424792040403     
         346           1   0.0000000000000000        71.000000000000000        68.000000000000000       -3.0094582990143017       -2.1036640917623548     
         347           1   0.0000000000000000        68.000000000000000        68.000000000000000       -2.2450384034640178       -1.6006020036583921     
         348           0        -999        -999        -999  -1.5206570124134060       -1.0444072778158766     
         349           1   0.0000000000000000        62.000000000000000        62.000000000000000        1.1977102719793264       0.84770257391342696     
         350           1   0.0000000000000000        65.000000000000000        65.000000000000000      -0.50320168289703338      -0.38492069599122791     
         351           1   1.0000000000000000        62.000000000000000        62.000000000000000        1.5760818094384783        1.1122744365078785     
         352           0        -999        -999        -999   1.7754215375088414        1.2397458428357873     
         353           1   0.0000000000000000        67.000000000000000        64.000000000000000       -5.7208985772480736E-002  -2.0500887882444307E-002
         354           1   0.0000000000000000        69.000000000000000        67.000000000000000       -1.6636542268004926       -1.1411873965773811     
         355           1   0.0000000000000000        62.000000000000000        62.000000000000000        1.8387855058618339        1.2678252384460649     
         356           1   0.0000000000000000        71.000000000000000        67.000000000000000       -2.5088764789247917       -1.7446630016413238     
         357           1   0.0000000000000000        67.000000000000000        63.000000000000000      -0.29823394029136385      -0.20274072870762719     
         358           1   0.0000000000000000        74.000000000000000        70.000000000000000       -3.2533655500531329       -2.2646067098903746     
         359           0        -999        -999        -999 -0.64708304748220657      -0.45085207232549052     
         360           1   1.0000000000000000        68.000000000000000        64.000000000000000       -1.2469944801450010      -0.87902414663768025     
         361           1   0.0000000000000000        69.000000000000000        66.000000000000000       -2.1634110248621283       -1.4614832088958454     
         362           1   0.0000000000000000        62.000000000000000        61.000000000000000        1.9261741797699430        1.3653564065815396     
         363           0        -999        -999        -999   3.0771115193944256        2.1343229294235830     
         364           0        -999        -999        -999  -1.4600175579007006      -0.97136343901015787     
         365           1   0.0000000000000000        68.000000000000000        67.000000000000000       -1.7436361181270488       -1.2291237298531641     
         366           0        -999        -999        -999   1.5874036195042194        1.1253905686994472     
         367           1   0.0000000000000000        67.000000000000000        65.000000000000000      -0.54795732415871945      -0.36987219524146164     
         368           1   0.0000000000000000        73.000000000000000        69.000000000000000       -3.4452608196748713       -2.4580412038751551     
         369           0        -999        -999        -999   1.0896366447576156       0.72343815851815907     
         370           1   0.0000000000000000        71.000000000000000        68.000000000000000       -2.8922682507304218       -2.0545469669644820     
         371           1   0.0000000000000000        65.000000000000000        64.000000000000000       0.35145467188833301       0.15572346803920062     
         372           0        -999        -999        -999   1.9874362771045091        1.3787402161685411     
         373           1   0.0000000000000000        66.000000000000000        65.000000000000000      -0.65801800281328326      -0.54388766913261166     
         374           1   0.0000000000000000        62.000000000000000        62.000000000000000        1.8971706996997324        1.3406976175188943     
         375           1   0.0000000000000000        67.000000000000000        67.000000000000000      -0.58993946756897420      -0.44564052491688722     
         376           1   0.0000000000000000        67.000000000000000        65.000000000000000       0.67669061894142157       0.43115184728499301     
         377           1   0.0000000000000000        64.000000000000000        63.000000000000000       0.23463993526115268       0.11113930430883993     
         378           1   1.0000000000000000        61.000000000000000        60.000000000000000        3.1475842253719106        2.1501585698158707     
         379           1   1.0000000000000000        68.000000000000000        66.000000000000000       -1.0208704035212248      -0.75192349724343632     
         380           1   1.0000000000000000        63.000000000000000        63.000000000000000        1.1785657494446213       0.82572791033762494     
         381           1   0.0000000000000000        69.000000000000000        66.000000000000000       -1.3909326964472435      -0.96857387168486953     
         382           1   0.0000000000000000        68.000000000000000        66.000000000000000      -0.94930975973608189      -0.62935661224179928     
         383           1   0.0000000000000000        63.000000000000000        62.000000000000000        1.5431933350983811        1.0772194319171624     
         384           1   1.0000000000000000        71.000000000000000        68.000000000000000       -3.1497441492773914       -2.1394353217029094     
         385           1   0.0000000000000000        71.000000000000000        69.000000000000000       -2.9060674453721962       -2.0348398939134276     
         386           0        -999        -999        -999   1.5668371918903830        1.1013112890629306     
         387           0        -999        -999        -999   1.3391257393243410       0.90519985073365061     
         388           1   0.0000000000000000        63.000000000000000        63.000000000000000        1.4012194502010857        1.0199836405365594     
         389           0        -999        -999        -999   2.5266839195427515        1.7833381887130555     
         390           1   0.0000000000000000        67.000000000000000        64.000000000000000      -0.22460591945054595      -0.19664873892170726     
         391           0        -999        -999        -999 -0.85708569530250800      -0.54966462967898400     
         392           1   0.0000000000000000        60.000000000000000        59.000000000000000        3.4620091706192766        2.3566481777133221     
         393           1   0.0000000000000000        71.000000000000000        68.000000000000000       -2.2207961753234402       -1.5933764118728844     
         394           1   1.0000000000000000        63.000000000000000        64.000000000000000       0.32755981331134892       0.18476004440134511     
         395           1   0.0000000000000000        65.000000000000000        64.000000000000000       -7.1108352965305266E-002  -8.2870063086909265E-002
         396           1   0.0000000000000000        57.000000000000000        56.000000000000000        5.4358775400896908        3.8308245748036116     
         397           0        -999        -999        -999  0.40656085160412764       0.26875965965344056     
         398           1   1.0000000000000000        62.000000000000000        62.000000000000000        1.6819314369028771        1.2100363340345821     
         399           1   0.0000000000000000        58.000000000000000        60.000000000000000        3.9540649813932611        2.7650337965420992     
         400           1   0.0000000000000000        67.000000000000000        68.000000000000000      -0.51786121803241092      -0.33189612139537222     
         401           1   1.0000000000000000        70.000000000000000        67.000000000000000       -2.5559182280689789       -1.6777966436668756     
         402           1   0.0000000000000000        65.000000000000000        63.000000000000000      -0.82686444163105932      -0.57719196731066791     
         403           1   0.0000000000000000        72.000000000000000        68.000000000000000       -3.0222159395020687       -2.1477149366618891     
         404           1   0.0000000000000000        65.000000000000000        65.000000000000000      -0.17401193363728940       -9.4450191615384607E-002
         405           1   0.0000000000000000        62.000000000000000        62.000000000000000        2.0772939261588728        1.4755680570959100     
         406           0        -999        -999        -999  0.59605239449001179       0.34961112350964990     
         407           0        -999        -999        -999  -1.9110335805152874       -1.3403030759884333     
         408           1   0.0000000000000000        67.000000000000000        65.000000000000000       -1.5624779878133703       -1.0475916318622736     
         409           1   0.0000000000000000        62.000000000000000        62.000000000000000        2.0710059229516165        1.4218936881300235     
         410           1   0.0000000000000000        62.000000000000000        62.000000000000000        2.2226358590639723        1.5772710770637659     
         411           0        -999        -999        -999 -0.76050690798174914      -0.51305562637365876     
         412           1   0.0000000000000000        72.000000000000000        69.000000000000000       -3.4205447046442123       -2.4549314674258897     
         413           1   0.0000000000000000        67.000000000000000        65.000000000000000      -0.64953607169925831      -0.46694171135344475     
         414           1   0.0000000000000000        71.000000000000000        74.000000000000000       -3.0471601086851776       -2.1383042921819033     
         415           1   1.0000000000000000        65.000000000000000        65.000000000000000       -7.1616824256684058E-002  -8.4603716874135648E-002
         416           1   0.0000000000000000        59.000000000000000        62.000000000000000        2.4512674444086429        1.6944193104723928     
         417           0        -999        -999        -999 -0.80537560005439124      -0.55812778333793256     
         418           0        -999        -999        -999  0.46188397990862512       0.33376634899757057     
         419           1   0.0000000000000000        72.000000000000000        69.000000000000000       -2.9238777436456989       -2.0407787127018198     
         420           1   1.0000000000000000        70.000000000000000        67.000000000000000       -3.0381752802981263       -2.0893014083933381     
         421           1   0.0000000000000000        67.000000000000000        62.000000000000000       0.36131876027204335       0.23989780929568069     
         422           0        -999        -999        -999 -0.73436850006909837      -0.47392662125314267     
         423           1   0.0000000000000000        62.000000000000000        62.000000000000000        1.8042030299700695        1.3304618068127048     
         424           1   0.0000000000000000        71.000000000000000        67.000000000000000       -2.1733305010083415       -1.5017001125105633     
         425           1   0.0000000000000000        67.000000000000000        65.000000000000000      -0.54069437938897202      -0.40296876904142231     
         426           1   0.0000000000000000        72.000000000000000        67.000000000000000       -2.6990285380272554       -1.9048458100301826     
         427           1   0.0000000000000000        73.000000000000000        68.000000000000000       -3.1644284281068815       -2.1579653166476174     
         428           1   0.0000000000000000        69.000000000000000        67.000000000000000       -1.5482753203574158       -1.1484510601637214     
         429           1   0.0000000000000000        74.000000000000000        70.000000000000000       -2.8829499641187990       -2.0097860005040045     
         430           0        -999        -999        -999   1.9756376298610139        1.3177417012314319     
         431           0        -999        -999        -999  0.62146920097475977       0.40237058493962863     
         432           1   0.0000000000000000        62.000000000000000        62.000000000000000        1.9222889181133096        1.3495479341353986     
         433           1   0.0000000000000000        69.000000000000000        67.000000000000000      -0.62848561340187070      -0.46716954280953227     
         434           1   0.0000000000000000        69.000000000000000        67.000000000000000       -2.0313253937026348       -1.4004487482846664     
         435           0        -999        -999        -999  -2.7538405208648755       -1.9519190670713642     
         436           1   0.0000000000000000        64.000000000000000        63.000000000000000        4.7450705659195611E-002   7.5370620613597269E-002
         437           1   0.0000000000000000        66.000000000000000        67.000000000000000      -0.45496246447484062      -0.27785851393894878     
         438           1   0.0000000000000000        62.000000000000000        62.000000000000000        1.3676044720286655       0.90525536995439504     
         439           1   0.0000000000000000        62.000000000000000        62.000000000000000        2.1699435442484489        1.5862596038851213     
         440           1   0.0000000000000000        68.000000000000000        64.000000000000000      -0.81479145821570231      -0.57545701721613762     
         441           1   1.0000000000000000        61.000000000000000        61.000000000000000        2.9345903500836976        2.0274887625871223     
         442           1   0.0000000000000000        71.000000000000000        69.000000000000000       -2.4132548502034497       -1.6526557118734793     
         443           0        -999        -999        -999  -2.8429248551026505       -1.9633781988341394     
         444           0        -999        -999        -999  -1.4780575845231081       -1.0600234202401577     
         445           0        -999        -999        -999   1.6715789213404486        1.1732774047708525     
         446           1   1.0000000000000000        66.000000000000000        65.000000000000000      -0.16885478431958106      -0.10194558834825657     
         447           1   0.0000000000000000        65.000000000000000        65.000000000000000      -0.25362473359457333      -0.21360539660131100     
         448           1   0.0000000000000000        62.000000000000000        62.000000000000000        1.8756067008858226        1.3229400139724137     
         449           1   1.0000000000000000        61.000000000000000        60.000000000000000        2.6169530971320318        1.7841788791292463     
         450           0        -999        -999        -999 -0.72310880256301113      -0.49283613136946736     
         451           0        -999        -999        -999  -2.8588957176046006       -2.0047030644606818     
         452           1   0.0000000000000000        62.000000000000000        62.000000000000000        1.5362055052705312        1.0664075406786222     
         453           1   0.0000000000000000        68.000000000000000        66.000000000000000       -1.4024309334243259      -0.96735636143990011     
         454           1   0.0000000000000000        66.000000000000000        65.000000000000000      -0.72430837070627929      -0.56950133657210378     
         455           1   0.0000000000000000        73.000000000000000        68.000000000000000       -3.2671054514318185       -2.2619987873444902     
         456           1   0.0000000000000000        69.000000000000000        65.000000000000000      -0.98304742131357326      -0.66151578354099205     
         457           1   0.0000000000000000        60.000000000000000        62.000000000000000        3.0150720116860072        2.0910130443163886     
         458           0        -999        -999        -999  -2.4778023899049009       -1.7579027979051574     
         459           0        -999        -999        -999  -1.7016886433220435       -1.1694763265982027     
         460           1   0.0000000000000000        71.000000000000000        68.000000000000000       -2.8125853673487238       -2.0094490756265428     
         461           1   0.0000000000000000        71.000000000000000        68.000000000000000       -2.7678560012005140       -1.9414539726148181     
         462           1   0.0000000000000000        73.000000000000000        70.000000000000000       -3.9924361163890505       -2.8273856220221334     
         463           1   0.0000000000000000        66.000000000000000        65.000000000000000      -0.39662674932252862      -0.32482468126070374     
         464           1   0.0000000000000000        62.000000000000000        64.000000000000000        1.7494550202877943        1.2162217577875727     
         465           1   0.0000000000000000        64.000000000000000        64.000000000000000        1.4329228410494808       0.97574689235615752     
         466           1   0.0000000000000000        68.000000000000000        67.000000000000000      -0.78579323030697656      -0.52387208031240962     
         467           0        -999        -999        -999  0.77886213464844256       0.49765828649842653     
         468           1   0.0000000000000000        64.000000000000000        62.000000000000000       0.26157962708449584       0.21796232297375603     
         469           0        -999        -999        -999   1.9080223906883571        1.3971197273035536     
         470           0        -999        -999        -999   4.0190557362831857E-002   2.2288164144667614E-002
         471           0        -999        -999        -999   1.7333161028928947        1.2584120747848930     
         472           1   0.0000000000000000        62.000000000000000        62.000000000000000        1.4707971126145594       0.98721139955808823     
         473           1   0.0000000000000000        69.000000000000000        65.000000000000000       0.14063645250979498        9.8554034050683720E-002
         474           1   0.0000000000000000        59.000000000000000        60.000000000000000        3.4664742863472409        2.3729368751866904     
         475           1   0.0000000000000000        62.000000000000000        62.000000000000000        1.4547680011195365        1.0102533770898026     
         476           1   0.0000000000000000        68.000000000000000        65.000000000000000       -1.6555257930159506E-003  -1.4858847613126917E-002
         477           1   1.0000000000000000        62.000000000000000        62.000000000000000        4.0777371073786313        2.9133385010465869     
         478           1   0.0000000000000000        67.000000000000000        65.000000000000000      -0.10775030278783478       -9.6396369280820349E-002
         479           1   0.0000000000000000        61.000000000000000        62.000000000000000        2.1100232987288554        1.4567809286180640     
         480           0        -999        -999        -999   1.6391725544347606        1.1513432018318570     
         481           0        -999        -999        -999  -2.8785472955466980       -2.0869959759529610     
         482           1   0.0000000000000000        66.000000000000000        64.000000000000000      -0.37459235852059214      -0.24163578892339757     
         483           0        -999        -999        -999 -0.84425320717641184      -0.57306179754093844     
         484           1   0.0000000000000000        72.000000000000000        68.000000000000000       -3.4447349981116924       -2.3376427478340398     
         485           1   0.0000000000000000        61.000000000000000        60.000000000000000        2.8696255685401604        2.0129950637321250     
         486           0        -999        -999        -999  -2.8683246961700526       -2.0187159689951830     
         487           1   0.0000000000000000        65.000000000000000        65.000000000000000      -0.14911713364324980      -0.10914749513858393     
         488           1   0.0000000000000000        62.000000000000000        61.000000000000000        2.1803484750422273        1.5204385414766954     
         489           0        -999        -999        -999  -3.1171592660028251       -2.1425128300449159     
         490           0        -999        -999        -999  -1.1561506817581060      -0.76584205217695411     
         491           1   0.0000000000000000        61.000000000000000        62.000000000000000        2.2758421936851683        1.6273650645182494     
         492           0        -999        -999        -999  -2.7304698987218781       -1.9301508528409790     
         493           1   0.0000000000000000        65.000000000000000        64.000000000000000        8.1959732672558835E-002   9.1329803699661344E-002
         494           0        -999        -999        -999  -2.9700641787092379       -2.0555869502677342     
         495           1   0.0000000000000000        62.000000000000000        63.000000000000000        1.9814771744447301        1.4018682906045155     
         496           1   0.0000000000000000        69.000000000000000        67.000000000000000       -1.9991868962719348       -1.3907841678836568     
         497           1   0.0000000000000000        58.000000000000000        59.000000000000000        4.4166360105381797        3.1623908656639661     
         498           1   0.0000000000000000        65.000000000000000        63.000000000000000      -0.16353810462659862       -8.1046777422679503E-002
         499           1   0.0000000000000000        60.000000000000000        61.000000000000000        2.8315334033244692        1.9820382072328291     
         500           1   1.0000000000000000        69.000000000000000        68.000000000000000       -1.4054757678500875      -0.99467922740889714     
         501           1   0.0000000000000000        72.000000000000000        69.000000000000000       -2.7688222325117215       -1.9619104210631528     
         502           1   0.0000000000000000        66.000000000000000        65.000000000000000      -0.16553310568339924       -9.7781869985906530E-002
         503           1   0.0000000000000000        69.000000000000000        64.000000000000000       -1.6007430600800243       -1.1266040617646969     
         504           0        -999        -999        -999 -0.67880291098311962      -0.45262837585607180     
         505           1   0.0000000000000000        62.000000000000000        63.000000000000000        1.4240893401074404       0.96716720729938743     
         506           0        -999        -999        -999 -0.77226833578145171      -0.53016931048543359     
         507           1   0.0000000000000000        68.000000000000000        65.000000000000000      -0.73201482045412281      -0.55925410892112948     
         508           1   0.0000000000000000        66.000000000000000        64.000000000000000      -0.34519173258132468      -0.27045562519631228     
         509           1   0.0000000000000000        57.000000000000000        58.000000000000000        4.7893799687166334        3.3918496496326940     
         510           1   0.0000000000000000        63.000000000000000        62.000000000000000        1.2257304789806447       0.85153361390037730     
         511           1   0.0000000000000000        72.000000000000000        69.000000000000000       -3.1093034937669568       -2.1477284047698548     
         512           1   0.0000000000000000        64.000000000000000        63.000000000000000       0.65956268849189736       0.45908665693635320     
         513           1   0.0000000000000000        67.000000000000000        65.000000000000000       -1.0878958041222557      -0.83083662474298148     
         514           1   0.0000000000000000        65.000000000000000        64.000000000000000       0.69838744215811266       0.46319411269696120     
         515           1   0.0000000000000000        71.000000000000000        69.000000000000000       -3.2577740898583114       -2.1853370393514102     
         516           1   0.0000000000000000        62.000000000000000        62.000000000000000        1.2179775597709059       0.88242483984132736     
         517           1   0.0000000000000000        64.000000000000000        63.000000000000000       0.43687978283741613       0.28700014041146610     
         518           1   0.0000000000000000        62.000000000000000        62.000000000000000        1.8453888800096416        1.2913507379745011     
         519           1   0.0000000000000000        62.000000000000000        62.000000000000000       0.75281285482094373       0.53373368366821317     
         520           1   0.0000000000000000        63.000000000000000        63.000000000000000       0.44483265853013676       0.31540688675091372     
         521           1   0.0000000000000000        61.000000000000000        63.000000000000000        2.5724221439856221        1.7438904624742495     
         522           1   0.0000000000000000        62.000000000000000        62.000000000000000        1.1449398235779389       0.79073007424683539     
         523           1   0.0000000000000000        60.000000000000000        61.000000000000000        3.0430076018664689        2.1743690986659754     
         524           1   0.0000000000000000        68.000000000000000        66.000000000000000      -0.95458411606338478      -0.69764074398937348     
         525           1   0.0000000000000000        71.000000000000000        68.000000000000000       -3.0532239353570878       -2.1446384596033714     
         526           1   0.0000000000000000        62.000000000000000        62.000000000000000       0.67643743033359049       0.44323087378524639     
         527           0        -999        -999        -999  -2.9403940581876014       -2.0382888774375001     
         528           0        -999        -999        -999  -2.6755195520022412       -1.8195518151599570     
         529           1   0.0000000000000000        68.000000000000000        67.000000000000000       -1.3125295355139912      -0.90913722039234357     
         530           1   0.0000000000000000        70.000000000000000        67.000000000000000       -2.5126125175329537       -1.7400120905040179     
         531           0        -999        -999        -999   2.1255015104599679        1.4947213417043255     
         532           1   0.0000000000000000        62.000000000000000        62.000000000000000        2.0640337970039444        1.4300161238387930     
         533           1   0.0000000000000000        60.000000000000000        57.000000000000000        3.2903011738229839        2.3454422391934013     
         534           1   0.0000000000000000        67.000000000000000        66.000000000000000       -1.1361414402974921      -0.81780452265525783     
         535           1   0.0000000000000000        62.000000000000000        62.000000000000000        1.2425742900447663       0.79549473278102023     
         536           1   0.0000000000000000        63.000000000000000        63.000000000000000       0.61092498506250315       0.45827558873519469     
         537           1   0.0000000000000000        68.000000000000000        67.000000000000000       -1.1022193959966800      -0.79915298015110192     
         538           0        -999        -999        -999  -3.1891253206755921       -2.2107776351963744     
         539           1   0.0000000000000000        67.000000000000000        65.000000000000000       -1.5352288542925732       -1.0446952148637370     
         540           0        -999        -999        -999 -0.94649066066345355      -0.69897867929606794     
         541           0        -999        -999        -999  -2.8850504472339797       -1.9661602087011705     
         542           0        -999        -999        -999   2.0499755566640276        1.4196401335466908     
         543           1   0.0000000000000000        65.000000000000000        65.000000000000000       -6.8074916643631023E-002  -2.0306057273106547E-002
         544           1   0.0000000000000000        60.000000000000000        61.000000000000000        3.1769167705863453        2.2034792090752715     
         545           1   0.0000000000000000        62.000000000000000        62.000000000000000        1.8870454296313850        1.3701547503941427     
         546           1   0.0000000000000000        67.000000000000000        63.000000000000000      -0.29383071572638697      -0.20268715199577286     
         547           1   0.0000000000000000        60.000000000000000        60.000000000000000        2.7975359498637937        1.9210429534907953     
         548           1   0.0000000000000000        70.000000000000000        68.000000000000000       -1.6635235165801114       -1.1615092829807332     
         549           0        -999        -999        -999   1.7008167698288312        1.1750796626705478     
         550           1   0.0000000000000000        67.000000000000000        67.000000000000000       -1.1586488344824999      -0.79469857785617748     
         551           0        -999        -999        -999  -3.6388891389604043       -2.5429046831667810     
         552           1   1.0000000000000000        68.000000000000000        67.000000000000000       -1.7339462277812394       -1.1815601531804660     
         553           1   0.0000000000000000        61.000000000000000        61.000000000000000        2.6618959969337688        1.8632967596373273     
         554           1   1.0000000000000000        71.000000000000000        69.000000000000000       -2.8215114459523130       -2.0012045271862373     
         555           1   1.0000000000000000        68.000000000000000        65.000000000000000       -1.5614711250446289       -1.0667262417727295     
         556           1   0.0000000000000000        68.000000000000000        65.000000000000000      -0.67328941938267173      -0.45440112100371849     
         557           1   0.0000000000000000        68.000000000000000        66.000000000000000       -1.0303278960647568      -0.71013144084373425     
         558           1   0.0000000000000000        59.000000000000000        60.000000000000000        3.4426384760229336        2.3638317568221088     
         559           1   0.0000000000000000        61.000000000000000        63.000000000000000        1.2113676865409579       0.87380425649006865     
         560           1   0.0000000000000000        62.000000000000000        62.000000000000000        1.2528727488364204       0.95721296605599604     
         561           1   0.0000000000000000        72.000000000000000        69.000000000000000       -2.9628188375310960       -2.0266422273205666     
         562           1   0.0000000000000000        58.000000000000000        59.000000000000000        4.5125821060789821        3.1901375967687318     
         563           1   0.0000000000000000        69.000000000000000        68.000000000000000       -2.3112670362795753       -1.5733783378010293     
         564           1   0.0000000000000000        65.000000000000000        63.000000000000000       0.30977490489385262       0.25959023722854979     
         565           1   0.0000000000000000        62.000000000000000        61.000000000000000        2.2878645744055617        1.5873974380371845     
         566           1   0.0000000000000000        73.000000000000000        69.000000000000000       -3.5748156040012145       -2.4793833290034324     
         567           1   0.0000000000000000        69.000000000000000        65.000000000000000       -1.4366112225172138      -0.94120572864557639     
         568           0        -999        -999        -999 -0.79759881854185855      -0.62943895018188145     
         569           0        -999        -999        -999 -0.86834085210696754      -0.64398325006756973     
         570           1   0.0000000000000000        71.000000000000000        68.000000000000000       -3.2871364602597875       -2.3037303249529906     
         571           1   1.0000000000000000        61.000000000000000        61.000000000000000        2.5940553572981870        1.8007087062708180     
         572           1   0.0000000000000000        62.000000000000000        62.000000000000000        1.2042603694412428       0.81658163863457256     
         573           1   0.0000000000000000        69.000000000000000        67.000000000000000       -1.8653774847252149       -1.2408362160688282     
         574           1   0.0000000000000000        57.000000000000000        59.000000000000000        4.2946361005438316        2.9983690818795297     
         575           1   0.0000000000000000        65.000000000000000        64.000000000000000       0.18990993431095202       0.16947052086536601     
         576           1   0.0000000000000000        62.000000000000000        63.000000000000000        1.6263288255585184        1.1092872975407717     
         577           1   0.0000000000000000        63.000000000000000        63.000000000000000        1.1740788809317440       0.84536938521943139     
         578           1   0.0000000000000000        59.000000000000000        61.000000000000000        3.2488168852669559        2.2319715349378022     
         579           1   0.0000000000000000        63.000000000000000        62.000000000000000        1.7514504831732705        1.1607082257416703     
         580           1   0.0000000000000000        66.000000000000000        65.000000000000000       0.21166818735830653       0.15702634093356399     
         581           0        -999        -999        -999 -0.72473230692264845      -0.54600108804610636     
         582           1   0.0000000000000000        64.000000000000000        63.000000000000000       0.46248187440816690       0.29385386992256957     
         583           1   0.0000000000000000        69.000000000000000        65.000000000000000       -1.5540439897435885       -1.0153596723729517     
         584           0        -999        -999        -999  0.75831575665188222       0.50944341616049049     
         585           1   0.0000000000000000        63.000000000000000        61.000000000000000       0.85855635623730076       0.56666843341484541     
         586           1   0.0000000000000000        70.000000000000000        65.000000000000000       -1.7920947538154197       -1.2604531191385309     
         587           1   0.0000000000000000        69.000000000000000        66.000000000000000      -0.98930885972182958      -0.69183251779010257     
         588           1   0.0000000000000000        68.000000000000000        66.000000000000000       -1.5207148497516689       -1.1338456658487934     
         589           1   0.0000000000000000        66.000000000000000        63.000000000000000      -0.48176470135570848      -0.35591653871148443     
         590           1   0.0000000000000000        69.000000000000000        67.000000000000000       -2.0243052210959562       -1.4384866507102414     
         591           0        -999        -999        -999   2.2826627256036822        1.6958041216506012     
         592           1   0.0000000000000000        68.000000000000000        66.000000000000000       -1.4094267286625923       -1.0108947752012218     
         593           1   0.0000000000000000        72.000000000000000        69.000000000000000       -2.4936099529636762       -1.7486748122805105     
         594           0        -999        -999        -999 -0.37953968063686772      -0.17420150692456332     
         595           1   0.0000000000000000        62.000000000000000        62.000000000000000        1.1600568140347003       0.85905250177401538     
         596           1   0.0000000000000000        70.000000000000000        68.000000000000000       -3.0468517400113755       -2.1401582971843345     
         597           1   0.0000000000000000        62.000000000000000        62.000000000000000        1.8646650185735243        1.3289161756926944     
         598           0        -999        -999        -999  0.25914109027596949       0.21981987524667670     
         599           0        -999        -999        -999 -0.79574422557757019      -0.57684530027556580     
         600           1   0.0000000000000000        72.000000000000000        69.000000000000000       -3.7837077721998638       -2.6759407328613571     
         601           0        -999        -999        -999  -3.5328145790420935E-002  -5.4305730535592123E-002
         602           1   1.0000000000000000        68.000000000000000        65.000000000000000      -0.86728032852097625      -0.61797674838371164     
         603           1   0.0000000000000000        60.000000000000000        60.000000000000000        2.7549079141751633        1.9136554058732143     
         604           1   0.0000000000000000        67.000000000000000        65.000000000000000      -0.40706863089943190      -0.25120274507151164     
